12 57 191 108 97 113 67 51 29 47 37 62 107 
20 191 165 93 113 208 67 264 70 47 103 171 88 140 162 115 105 211 202 80 139 
8 0 20 17 92 85 78 131 180 

5 177 224 269 304 370 
7 251 289 304 348 543 312 279 
5 419 298 259 309 203 

3 332 236 121 
0 
20 524 394 300 703 750 763 639 725 778 845 335 929 350 440 736 915 944 754 966 834 

7 275 216 143 170 193 223 244 
3 253 268 317 
19 179 186 184 299 238 287 295 271 159 218 148 154 163 169 296 285 249 282 291 

5 313 320 367 415 425 
2 367 375 
9 397 306 328 561 347 480 383 277 241 

8 196 195 204 215 182 141 110 72 
11 245 187 261 221 205 144 66 283 99 112 341 
5 217 229 63 73 138 

12 34 28 27 43 69 117 199 262 292 330 358 366 
5 54 129 254 357 79 
34 227 155 52 77 281 424 256 496 288 260 234 265 311 353 305 219 454 500 546 601 176 363 270 308 173 239 106 53 310 45 114 56 44 255 

9 427 450 476 494 514 534 550 574 590 
10 428 469 548 620 536 577 426 384 393 461 
6 596 556 423 611 630 471 

15 761 711 687 662 654 644 617 571 533 507 465 430 458 516 538 
12 786 686 599 730 643 702 771 775 881 853 901 842 
14 770 684 812 818 322 355 380 368 645 650 400 576 765 642 

13 412 433 448 473 504 515 528 540 553 566 579 573 567 
11 385 452 512 523 672 578 594 659 564 447 495 
9 575 555 610 502 451 399 396 562 508 

11 779 794 824 862 890 924 994 1059 1119 1163 1175 
11 728 898 1131 652 738 768 789 762 951 979 814 
63 1268 1126 888 581 815 541 1027 1043 1061 1087 1091 1086 1066 1048 1219 914 1161 857 759 1147 1096 1052 1051 737 653 626 506 788 835 1169 1160 1104 1158 748 917 872 832 848 831 970 1028 913 1118 405 837 552 551 719 1171 1280 938 1007 957 978 919 930 906 905 1038 907 1068 1082 859 

19 949 1013 1074 1106 1135 1152 1177 1188 1201 1252 1302 1310 1318 1348 1364 1388 1416 1426 1444 
20 893 1034 1107 1186 1154 1263 1304 1386 1396 1455 1440 1497 1333 1218 1239 1215 1425 933 800 972 
15 1122 1470 1149 921 1210 1180 1308 1411 935 1307 1453 1472 1193 1049 1369 

9 1296 1275 1262 1230 1192 1166 1140 1113 1093 
12 1312 1269 1212 1123 1085 1060 1174 1314 1345 1295 1322 1343 
8 1120 987 882 1303 1265 1100 1196 1305 

14 1401 1367 1342 1330 1319 1247 1258 1257 1250 1240 1232 1229 1206 1187 
7 1383 1319 1247 1244 1179 1445 1273 
24 1183 1261 1274 1454 1336 1429 1204 1231 1350 1191 1264 1297 1395 1473 1417 1178 1184 1313 1430 1370 1358 1272 1421 1323 

12 1105 1094 1080 1064 1050 1012 977 950 927 908 884 873 
5 1134 1056 1005 945 885 
8 856 1129 828 934 1071 1109 983 876 

20 1110 1099 1077 1044 1029 1017 989 959 912 868 855 839 820 807 785 753 744 734 722 706 
10 1132 1016 918 826 843 767 708 726 841 798 
24 946 1112 1198 669 1014 846 861 1173 1020 1317 941 625 1253 1390 1142 787 830 871 756 710 1121 544 948 731 

11 776 760 741 723 689 671 660 627 586 572 549 
5 751 700 658 569 580 
14 804 559 816 847 863 772 791 757 732 665 735 792 656 582 

16 616 598 585 565 545 525 509 490 468 443 406 389 364 346 339 329 
8 629 520 441 387 319 365 707 678 
16 699 715 336 693 718 539 477 466 529 634 655 637 592 401 338 675 

13 374 344 314 302 286 257 232 213 198 172 146 134 120 
7 360 278 237 151 324 225 87 
9 161 371 414 194 116 321 240 230 284 

14 64 89 122 136 153 222 280 307 325 351 369 408 457 483 
7 50 95 147 189 258 318 438 
13 13 323 145 276 33 9 462 164 41 100 343 59 118 

13 4 11 14 16 21 36 48 61 84 132 181 209 235 
11 8 5 25 68 86 190 201 233 83 42 19 
14 76 2 91 6 266 12 226 1 32 24 22 243 185 26 

17 3 7 15 18 38 71 126 133 137 178 210 220 228 272 315 327 340 
8 10 35 96 160 263 326 273 294 
9 60 337 124 303 297 197 30 247 290 

18 46 58 75 101 127 158 206 246 214 174 156 135 128 119 111 104 94 82 
11 49 81 150 167 301 267 149 98 39 31 40 
12 252 192 65 23 168 109 55 74 166 90 130 142 

14 125 152 183 200 231 250 274 331 378 390 403 420 434 431 
7 102 157 207 212 418 316 381 
10 439 382 123 242 479 175 388 422 444 188 

7 597 584 570 547 522 481 435 
3 558 513 455 
4 615 591 563 437 

15 460 464 470 505 537 493 453 442 429 413 398 386 376 362 349 
7 499 359 472 410 342 535 526 
8 449 248 497 456 411 459 352 467 

21 595 607 619 631 640 657 673 685 701 727 745 755 769 813 883 904 936 961 976 1003 1019 
19 602 621 651 698 724 614 758 797 911 963 1002 713 749 641 666 752 716 704 609 
18 774 568 680 709 683 519 554 583 600 632 604 892 747 968 612 1009 697 647 

14 969 1015 1073 1090 1130 1150 1168 1181 1214 1246 1293 1338 1384 1435 
6 1006 1083 1137 1291 1223 1484 
7 1148 1242 1079 974 952 1446 1255 

21 1108 1097 1069 1047 1041 1010 975 955 928 903 886 874 867 849 817 822 827 823 819 825 821 
16 1078 1072 953 992 852 850 795 790 899 793 796 783 764 746 840 808 
14 844 1037 811 1146 803 985 806 940 895 860 1103 964 810 1046 

9 417 372 345 334 333 354 379 391 407 
6 432 377 356 445 395 436 
6 421 402 373 416 409 361 

11 712 692 679 667 648 623 587 588 593 532 478 
10 740 705 677 446 482 691 636 663 661 635 
14 664 463 475 498 695 668 646 729 690 682 696 618 633 638 

7 503 488 492 510 518 606 674 
5 557 486 530 608 694 
6 517 491 531 622 681 649 

21 489 511 527 560 589 613 628 676 720 733 743 766 780 799 833 896 956 1008 1062 1164 1248 
17 474 485 542 605 721 781 973 1063 1217 1316 1279 1202 773 392 487 714 986 
12 624 829 484 980 777 688 404 1065 717 521 958 603 

5 991 1026 1070 1101 1124 
4 995 1075 1045 1176 
6 1165 1076 988 1116 1145 1162 

13 1114 1138 1155 1190 1220 1233 1245 1259 1270 1306 1334 1360 1379 
8 1133 1136 1243 1225 1355 1400 1359 1394 
13 1127 1352 1098 1241 1235 1407 1439 1391 1456 1256 1199 1462 1151 

22 1353 1365 1381 1404 1419 1433 1450 1466 1474 1485 1495 1502 1508 1512 1518 1538 1561 1582 1604 1669 1766 1765 
14 1324 1331 1392 1424 1499 1451 1558 1607 1780 1750 1448 1329 1284 1282 
13 1477 1376 1300 1560 1346 1605 1408 1480 1482 1431 1347 1339 1332 

12 1692 1736 1705 1678 1693 1711 1690 1674 1650 1626 1611 1592 
10 1736 1641 1705 1635 1678 1642 1606 1631 1639 1567 
12 1550 1727 1755 1587 1586 1724 1743 1580 1763 1739 1549 1654 

8 2097 2142 2198 2252 2295 2390 2485 2492 
8 2095 2205 2310 2540 2308 2224 2143 2597 
8 1874 2053 2199 1748 2006 2098 2298 2509 

47 1734 1751 1769 1800 1842 1903 1983 2003 2020 2029 2038 2066 2084 2146 2215 2271 2324 2378 2427 2464 2508 2541 2565 2586 2601 2619 2634 2666 2696 2715 2727 2751 2768 2792 2819 2834 2859 2905 2940 2956 2980 3024 3060 3080 3099 3137 3191 
56 1720 1760 1846 2026 2067 2247 2212 2327 2418 2446 2576 2589 2651 2712 2703 2785 2807 2907 2967 2951 3053 3088 3214 2931 1704 1770 1804 1909 1938 1953 2764 2959 2987 3028 2445 2405 2227 2318 2192 2042 2132 2598 2681 2694 2772 2918 3113 3052 2638 2670 2578 2609 2606 2549 2546 2817 
41 2529 2511 2498 2861 2937 2518 3061 2216 2849 2833 3102 2702 2568 2014 2766 1844 2213 1991 2085 2981 2425 1771 1708 2538 2322 2982 2429 2039 2599 1986 2637 3193 2864 2723 1972 2877 2863 1735 2818 2517 2524 

37 1789 1810 1835 1849 1858 1901 1946 1970 2000 2024 2050 2078 2106 2131 2168 2236 2301 2344 2383 2397 2411 2426 2444 2457 2473 2506 2535 2545 2555 2575 2592 2608 2623 2640 2664 2688 2722 
24 1776 1819 1940 2035 2101 2184 2152 2279 2372 2423 2448 2475 2558 2584 2631 2659 2725 2713 2034 1848 1793 2674 2611 2196 
25 2805 1998 2527 2004 1833 2412 1676 2170 2556 2048 1788 2105 2591 2624 2477 1999 1995 2724 2662 2382 2300 2442 2165 1944 2720 

11 1875 1877 1883 1966 2058 2190 2321 2533 2737 2783 2831 
14 1947 2063 2329 2676 2841 1581 1543 1574 1537 2717 2809 1904 2790 2826 
30 2718 1599 1896 1564 1492 1757 1457 2732 1884 1458 1886 1866 1556 1573 1553 1603 1500 1613 1588 1522 2830 1832 1535 1597 2055 1557 1521 2319 1589 1510 

19 2965 3013 3055 3077 3101 3128 3149 3175 3204 3238 3289 3362 3430 3435 3428 3419 3417 3426 3432 
14 2983 3041 3051 3173 3187 3508 3346 3415 3397 3591 3614 3639 2919 3227 
12 2926 3056 3433 3280 3389 2962 3448 3203 3100 2884 3150 2885 

26 3331 3358 3393 3408 3427 3447 3467 3499 3559 3552 3651 3656 3664 3681 3694 3708 3752 3798 3821 3835 3888 3944 3984 4027 4176 4286 
41 3341 3312 3519 3470 3585 3572 3490 3535 3627 3365 3593 3634 3666 3676 3743 3720 3744 3830 3925 4023 4141 4285 3924 3914 3942 4012 4017 3771 3774 3783 3858 3847 3579 3558 3603 3626 3655 3637 3701 3993 3940 
21 3724 3449 3833 3273 3431 3334 3268 4284 3267 3299 3668 4033 3225 3939 3875 3966 3796 4024 3335 3326 3696 

14 4542 4511 4477 4458 4430 4385 4321 4287 4229 4067 3916 3910 3908 3903 
12 4532 4476 4424 3855 3811 3776 3828 4465 4534 4487 4558 4375 
8 4567 4478 3895 3904 4300 4543 4431 3846 

23 2979 2998 3017 3074 3135 3159 3186 3240 3302 3344 3366 3404 3436 3469 3505 3539 3574 3635 3698 3747 3798 3816 3829 
20 3031 2996 3190 3174 3394 3493 3584 3685 3803 3503 3104 3653 3781 3446 3474 3684 3355 3586 2947 3249 
14 3700 3439 3296 3807 3580 3862 3901 2977 3185 3369 3019 2948 3506 3132 

28 4795 4798 4751 4675 4617 4585 4547 4505 4449 4405 4386 4350 4301 4277 4261 4251 4234 4222 4195 4126 4076 4056 4028 3991 3949 3926 3918 3917 
22 4780 4593 4460 4288 4114 3998 4275 4307 4347 4360 4333 4080 4031 4412 4490 4095 4267 4187 4144 4315 4570 4591 
18 4787 4071 4249 4587 4224 4801 4808 4793 4792 3957 3911 4296 4491 4213 4256 4804 4369 4232 

15 4700 4681 4684 4616 4573 4504 4436 4392 4345 4339 4327 4318 4310 4304 4291 
19 4717 4630 4581 4378 4289 4273 4469 4644 4756 4549 4254 4283 4250 4209 4555 4568 4592 4742 4533 
7 4621 4278 4575 4306 4276 4344 4415 

37 4383 4363 4330 4297 4269 4244 4218 4177 4130 4110 4083 4068 4062 4050 4032 4008 3992 3979 3953 3926 3877 3841 3786 3734 3715 3691 3645 3612 3577 3529 3518 3478 3460 3406 3345 3281 3221 
41 4377 4335 4217 4118 4018 3852 3753 3686 3609 3528 3421 3398 3246 4175 4181 4201 4183 4049 4148 4153 3990 4258 4199 4356 4400 4403 4331 4105 4119 3760 3758 3540 3636 3695 3678 3510 3967 4063 4022 3976 3641 
41 3202 3171 3511 3479 3407 3342 4389 4336 3333 4029 4102 3840 3995 3999 3737 4026 3343 4034 3929 3941 4107 3226 4128 4120 4140 4264 4223 3611 4038 4081 4388 4129 3692 3563 4001 4136 4121 4069 4010 3919 3974 

25 2580 2585 2588 2626 2654 2678 2705 2730 2756 2773 2801 2840 2888 2927 2975 3034 3093 3161 3230 3242 3264 3310 3360 3354 3356 
17 2539 2643 2680 2749 2800 2862 2893 3075 3081 3265 3258 3451 2514 3526 3569 2400 2401 
10 2562 2424 3348 2520 3372 2421 2471 2396 2521 2577 

30 2164 2172 2195 2222 2284 2354 2389 2417 2454 2493 2513 2531 2548 2588 2596 2602 2647 2682 2711 2734 2759 2777 2803 2827 2843 2865 2889 2911 2929 2953 
33 2102 2269 2337 2414 2497 2526 2663 2684 2742 2788 2810 2880 2903 2945 2399 2087 2419 2343 2280 2486 2096 2200 2528 2351 2407 2459 2494 2231 2150 2211 2522 2072 2012 
59 2403 2443 2128 2502 2140 2313 2380 2550 2357 2139 2054 2402 2228 2679 2005 2952 2136 2099 2093 2346 2104 2041 2157 1943 2045 2030 2825 2482 2515 2875 2736 2013 2290 1982 1997 2484 2784 1971 1964 2154 2151 2137 2130 2289 1988 2415 2062 2495 2044 2118 2051 2169 2021 2516 2345 2037 2910 2532 2685 

24 1887 1823 1826 1851 1924 1957 1993 2009 2046 2069 2122 2167 2197 2230 2278 2336 2353 2371 2428 2499 2525 2552 2554 2559 
28 1927 1864 1805 1992 2144 2265 2309 2360 2519 2607 2635 1630 1714 1868 1610 1655 2015 2018 2856 2747 2735 2744 2804 2729 1831 1802 1781 1794 
46 2632 1775 2542 1801 1733 2627 2288 2811 2883 1673 2894 1825 1996 1625 1646 1579 1742 1782 2906 1807 1749 1787 2604 1672 1811 2752 2059 2881 2844 2814 2683 1783 2603 2543 2753 2570 1768 2867 2547 2561 2630 1841 2868 2579 1619 2754 

23 3826 3772 3713 3688 3659 3617 3536 3488 3455 3416 3386 3359 3328 3287 3254 3213 3164 3138 3121 3079 3040 3029 3002 
31 3808 3709 3642 3682 3538 3581 3452 3391 3261 3271 3122 3117 2978 2995 3625 3158 3070 3402 3450 3516 3067 3269 3105 3146 3065 3441 3599 3702 3824 3867 3631 
33 3661 3305 3243 3199 3167 3256 3283 3325 3314 3120 3711 3098 3253 3860 3385 3905 2999 3127 3658 3078 3906 3155 3825 3001 3453 3534 3059 3537 3066 3282 3162 3097 3039 

7 2944 2941 2938 2933 2928 2795 2655 
6 2991 2988 2872 2760 3000 2595 
13 2946 2917 2950 2652 2990 3037 2914 3018 2966 3025 2908 2955 2958 

12 4747 4721 4701 4699 4694 4674 4649 4638 4629 4624 4643 4614 
7 4762 4596 4557 4594 4619 4584 4761 
11 4785 4685 4752 4692 4662 4659 4658 4664 4680 4688 4695 

9 4749 4711 4673 4640 4607 4598 4586 4583 4572 
8 4750 4669 4550 4541 4732 4646 4704 4759 
7 4553 4613 4753 4574 4679 4595 4559 

17 4778 4770 4755 4734 4713 4682 4647 4603 4545 4528 4501 4467 4444 4410 4371 4341 4294 
19 4763 4707 4672 4525 4433 4312 4340 4316 4370 4253 4342 4302 4270 4230 4418 4417 4627 4626 4689 
14 4773 4515 4359 4651 4376 4786 4292 4726 4702 4259 4777 4712 4535 4439 

3 4461 4484 4521 
6 4447 4474 4398 4422 4443 4416 
3 4502 4446 4451 

19 4576 4563 4551 4540 4523 4481 4454 4441 4432 4404 4364 4308 4255 4242 4225 4219 4214 4163 4090 
29 4561 4577 4510 4438 4456 4351 4260 4198 4078 4074 4204 4166 4243 4274 4189 4185 4210 4137 4159 4097 4043 4156 4096 4007 4147 4473 4500 4514 4493 
31 4305 4196 4178 4092 3982 4434 4186 4131 4216 4206 3971 4041 3836 4171 4188 4184 4167 4182 4155 4203 4192 4150 4520 4133 4088 4362 4571 4452 4160 4552 4132 

19 4108 4086 4073 4044 4000 3975 3958 3920 3881 3863 3844 3788 3733 3660 3610 3587 3560 3523 3498 
12 4098 4048 3945 3834 3853 3714 3568 3615 3473 4174 4093 4123 
11 3459 3728 3608 3561 4106 4070 3989 3496 3839 3955 3882 

21 3707 3648 3598 3551 3507 3484 3466 3438 3400 3405 3401 3409 3410 3370 3340 3327 3303 3275 3231 3207 3180 
11 3671 3595 3515 3463 3338 3350 3293 3233 3166 3444 3667 
12 3116 3512 3229 3597 3176 3465 3395 3339 3710 3329 3300 3373 

43 2654 2678 2705 2730 2756 2773 2801 2840 2888 2927 2975 3034 3093 3161 3230 3242 3264 3310 3360 3420 3476 3504 3525 3588 3633 3665 3717 3736 3751 3773 3789 3792 3784 3819 3813 3869 3907 3933 3952 3956 3961 3959 3962 
51 3461 3483 3545 3646 3716 3762 3784 3819 3813 3869 3907 3986 3988 3994 3883 4037 3502 3412 3897 3827 3279 3806 4061 4016 3548 3457 3662 3756 3582 3089 3048 3050 3129 3163 3107 3096 4002 4057 4091 4064 4040 3987 4035 3763 3913 3886 3705 3893 3812 3820 3814 
82 3865 3462 3970 3555 3899 3454 3965 3072 2704 3890 3749 3630 2886 3822 3964 2892 4020 3232 3887 2997 3262 3252 3368 3384 3027 3607 3139 3793 3946 3477 2968 3092 3396 3963 3003 2757 2961 2989 3644 4060 3823 3095 3411 3817 3472 2653 3456 3522 3649 3613 3791 3069 3248 3140 3861 3377 3969 4019 2802 3818 3718 3033 3313 3583 3108 3201 3923 3854 3801 3725 3422 3628 3501 3011 3902 3880 3843 3996 4046 4087 3802 4021 

23 3259 3220 3168 3156 3147 3124 3087 3057 3022 3030 3032 3035 3043 2970 2915 2891 2871 2829 2780 2761 2740 2706 2672 
24 3257 3165 3143 3109 3090 2847 2923 2808 2716 2656 2708 2796 2985 2743 2689 2845 2887 2924 2969 2878 3172 3058 3134 3196 
14 3170 2657 2700 3260 2673 3047 2866 3086 3012 2738 2916 2971 3144 2778 

12 2935 2882 2823 2799 2774 2741 2693 2660 2621 2625 2628 2633 
9 2912 2794 2791 2697 2699 2587 2590 2593 2686 
5 2690 2695 2820 2934 2776 

14 2621 2625 2628 2633 2639 2618 2572 2458 2367 2312 2272 2251 2243 2238 
31 2560 2317 2332 2174 2434 2074 2432 2413 2386 2465 2530 2581 2551 2315 2573 2564 2496 2286 2320 2348 2373 2392 2420 2474 2436 2163 2240 2166 2277 2338 2160 
40 2158 2462 2534 2391 2203 2267 2083 2326 2537 2156 2226 2328 2237 2214 2219 2447 2500 2363 2404 2563 2241 2293 2081 2393 2582 2605 2610 2613 2123 2187 2057 2206 2431 2461 2612 2430 2268 2023 2330 2162 

11 2572 2458 2367 2312 2272 2251 2248 2245 2239 2250 2253 
2 2161 2178 
6 2223 2362 2306 2567 2210 2256 

10 2490 2479 2476 2469 2325 2281 2273 2263 2208 2177 
5 2594 2183 1862 2091 2007 
18 1861 2071 1922 1917 2569 2470 1880 1974 2076 2127 2049 2080 2011 2073 2060 2175 2574 2017 

13 2644 2731 2816 2874 2925 2964 3008 3042 3083 3073 3068 3063 3054 
8 2645 2793 2898 3009 3020 3004 2942 2900 
8 2922 2614 2583 3044 2641 3049 3006 2813 

21 3153 3177 3205 3270 3322 3336 3352 3380 3418 3429 3434 3485 3531 3622 3677 3779 3872 3960 4039 4030 4025 
13 3151 3188 3315 3375 3550 3683 3845 4072 3294 3208 3131 3309 4099 
12 4191 4011 3115 3152 3527 3414 3206 3870 4051 3321 3353 3673 

18 3224 3298 3363 3392 3434 3440 3442 3443 3495 3557 3632 3693 3721 3739 3794 3849 3889 3928 
14 3194 3381 3521 3674 3742 3832 3950 3800 3891 3704 3745 3699 3732 3318 
9 3222 3556 3154 3850 3985 3697 3740 3931 3361 

11 2648 2671 2701 2765 2836 2895 2957 3021 3085 3181 3263 
7 2622 2854 2920 3330 3195 3178 2770 
7 3091 2837 2646 2960 3347 3084 3272 

11 2188 2232 2283 2285 2291 2292 2296 2299 2304 2316 2331 
8 2194 2307 2358 2385 2395 2377 2341 2435 
16 2191 2088 2274 2134 2440 2616 2040 2297 2282 2249 2339 2355 2303 2100 2202 2255 

13 2180 2141 2115 2112 2110 2119 2121 2114 2107 2079 2052 2016 1981 
7 2155 2082 2025 1967 2147 2204 1984 
6 2181 2028 1977 2047 2117 1961 

8 1958 1950 1931 1908 1889 1891 1902 1918 
6 1973 1925 1945 1980 1941 1913 
12 1930 1845 1778 1928 2001 1865 1878 2002 1721 1959 1860 1923 

14 4634 4637 4645 4650 4725 4690 4737 4744 4719 4768 4781 4789 4797 4807 
10 4652 4725 4775 4690 4737 4740 4794 4706 4687 4666 
5 4810 4654 4769 4639 4806 

14 4387 4462 4560 4610 4665 4678 4683 4709 4728 4774 4799 4800 4802 4803 
19 4382 4582 4724 4783 4788 4809 4379 4257 4455 4611 4326 4423 4733 4720 4791 4784 4776 4772 4538 
8 4361 4564 4320 4384 4805 4790 4730 4796 

18 4656 4622 4601 4556 4496 4466 4420 4409 4372 4328 4290 4266 4207 4154 4104 4053 4058 4059 
14 4657 4600 4507 4399 4202 4006 4208 4109 4298 4512 4459 4428 4625 4631 
22 4231 4602 4663 4492 4157 4245 4226 4205 4215 4237 4655 4047 4408 4236 4065 4282 4343 4265 4468 4338 4322 4045 

27 4698 4703 4710 4696 4653 4620 4612 4605 4578 4526 4498 4482 4470 4450 4425 4411 4396 4373 4353 4337 4313 4299 4279 4262 4239 4197 4158 
36 4716 4660 4623 4604 4486 4471 4426 4413 4393 4352 4314 4293 4227 4151 4357 4303 4381 4391 4309 4332 4457 4440 4421 4735 4757 4736 4745 4580 4536 4367 4670 4661 4483 4566 4531 4544 
20 4708 4718 4355 4429 4280 4618 4397 4135 4394 4714 4606 4691 4495 4472 4240 4161 4731 4686 4348 4317 

14 4635 4590 4527 4489 4464 4419 4395 4380 4368 4358 4346 4334 4281 4246 
10 4628 4437 4374 4349 4325 4235 4401 4324 4365 4479 
9 4513 4390 4233 4193 4671 4463 4633 4354 4329 

23 3605 3638 3670 3722 3755 3797 3838 3856 3878 3915 3951 3983 4014 4055 4085 4094 4101 4111 4116 4113 4115 4124 4127 
21 3590 3657 3754 3804 3871 3947 4005 4003 4054 4152 4169 4238 3750 4052 3892 3876 3968 3930 4004 4220 3679 
17 4247 4013 3606 4100 3757 3565 4138 3879 3837 4066 4015 4134 4122 3954 4139 3672 4089 

19 3884 3873 3866 3809 3767 3748 3731 3712 3690 3650 3621 3596 3571 3524 3475 3371 3290 3237 3183 
25 3912 3868 3765 3741 3703 3669 3624 3546 3285 3179 3288 3575 3566 3629 3594 3706 3602 3517 3623 3738 3727 3775 3761 3894 3799 
24 3885 3189 3730 3735 3570 3980 3620 3295 4075 3864 3458 4079 3689 3766 4145 4082 4077 3291 4170 4180 4168 4149 4112 4164 

24 3486 3489 3491 3513 3520 3530 3532 3543 3549 3553 3533 3619 3654 3675 3719 3746 3777 3782 3805 3859 3857 3935 3937 3973 
14 3544 3403 3604 3589 3640 3981 3977 3726 3874 3647 3909 3770 3795 3831 
25 3468 3481 3497 4036 3815 4042 3509 3921 4009 4084 3972 3547 3562 3480 3898 3900 3927 3936 3932 3938 3618 3764 3768 3471 3425 

13 3388 3304 3215 3198 3160 3133 3123 3118 3119 3112 3111 3103 3094 
8 3399 3357 3228 3182 3014 3424 2897 2904 
10 3390 3145 3126 3212 3125 3387 3106 3082 3036 3076 

27 3842 3848 3810 3769 3719 3675 3654 3619 3533 3445 3383 3351 3323 3286 3245 3209 3157 3110 3064 3023 2972 2921 2879 2839 2798 2733 2668 
17 3790 3374 3301 3247 3071 2963 2984 2848 2658 2677 2451 3250 3364 3437 3367 2687 2650 
17 3514 3142 3062 3320 2456 3169 2481 2571 3244 3192 2667 3382 3130 3148 2669 3652 2463 

14 2779 2781 2782 2767 2762 2758 2755 2748 2746 2739 2728 2726 2719 2714 
19 2750 2824 2787 2629 2769 2615 2661 2902 2821 2992 2994 3046 2913 2617 2815 2557 2600 2507 2873 
8 2771 2763 2692 2675 2745 2709 2797 2691 

25 3010 2993 2973 2954 2930 2890 2846 2812 2762 2698 2642 2566 2505 2510 2512 2501 2488 2472 2460 2433 2406 2388 2364 2305 2262 
30 3045 3005 2936 2853 2636 2478 2450 2409 2352 2254 2275 2257 1915 2870 2359 2721 2909 2943 1962 2218 2189 2124 2217 2270 2323 1987 2090 1873 1912 1872 
39 2225 2182 1933 2221 2068 2201 2976 2365 2311 2347 2416 3007 2850 2264 2179 2234 2244 2455 2302 2258 2649 2334 2376 2410 2449 2489 2375 2394 2186 2220 2932 2266 2356 2314 2483 2408 2153 2361 2381 

26 2466 2398 2340 2294 2261 2246 2229 2176 2111 2092 2070 2061 2043 2032 2022 1994 1954 1942 1929 1905 1870 1850 1834 1827 1809 1795 
10 2438 2349 2260 2242 2116 2027 1786 1762 2148 2008 
16 2259 2109 2129 2235 2075 2103 2033 1926 2133 1829 2342 2468 2126 1816 1791 2335 

11 1808 1773 1744 1725 1698 1665 1637 1612 1593 1577 1568 
6 1837 1737 1701 1702 1494 1671 
71 1559 1667 1752 1680 1658 1657 1496 1686 1633 1321 1740 1504 1653 1614 1511 1595 1266 1422 1542 1777 1746 1689 1656 1814 1679 1583 1644 1618 1696 1706 1681 1683 1731 1684 1729 1682 1691 1700 1728 1715 1722 1723 1707 1716 1709 1620 1598 1695 1719 1624 1617 1615 1565 1647 1621 1623 1636 1660 1629 1648 1659 1661 1652 1643 1632 1628 1651 1640 1616 1622 1732 

8 900 920 990 1040 1055 1081 1092 1102 
6 869 1128 1022 1018 1084 1011 
7 1089 802 891 784 858 1057 1125 

20 866 877 889 916 942 993 1032 1143 1211 1224 1238 1260 1283 1309 1325 1344 1362 1375 1403 1423 
18 809 1278 1298 1337 1385 1357 1434 1441 1237 1228 1327 1285 1399 1389 865 1447 909 925 
23 1185 1023 998 1000 997 1172 1001 1031 854 984 960 1277 1368 838 1288 1328 1380 805 1427 1420 937 870 878 

18 1335 1271 1320 1351 1371 1397 1410 1432 1461 1507 1551 1552 1541 1536 1545 1546 1540 1534 
7 1402 1374 1406 1471 1501 1516 1468 
8 1489 1533 1547 1409 1525 1524 1361 1459 

5 1519 1523 1529 1649 1785 
2 1486 1796 
8 1513 1503 1790 1830 1517 1493 1465 1509 

6 1141 1058 982 1039 1111 1159 
2 1286 1207 
58 943 1095 1139 879 1170 1209 293 1326 967 887 926 902 880 1236 1194 782 910 931 1054 1115 875 923 1144 962 1004 864 894 801 739 501 1197 1042 851 1025 1033 954 965 999 1436 742 1035 1036 1117 1067 932 947 971 996 1024 922 1289 1208 1254 836 897 1030 670 939 

27 1167 1182 1195 1203 1213 1222 1227 1249 1267 1276 1292 1301 1315 1341 1349 1363 1377 1398 1418 1437 1463 1478 1491 1506 1520 1555 1575 
18 1156 1221 1153 1251 1226 1287 1356 1405 1442 1475 1514 1562 1088 981 1467 1021 1053 1189 
17 1487 1157 1373 1554 1311 1205 1515 1460 1413 1234 1281 1572 1290 1299 1294 1200 1216 

7 1867 1855 1876 1888 1898 1916 1932 
8 1892 1919 1881 1934 1906 1890 1907 1869 
9 1948 1836 1838 1840 1955 1885 1939 1899 1818 

15 2499 2428 2371 2353 2336 2278 2230 2197 2167 2122 2069 2077 2086 2064 2036 
16 1969 1937 1914 2056 2173 2135 2193 2276 2379 2369 2384 2120 2453 2441 2108 2159 
29 2031 2065 2233 1979 2089 2145 1965 1968 1956 2207 1978 2094 2149 1985 2374 2368 2370 2171 2113 2333 2287 2185 2209 2010 2019 2125 2138 2503 1990 

14 1382 1366 1387 1428 1438 1488 1526 1548 1563 1569 1576 1578 1585 1591 
14 1372 1530 1571 1594 1662 1668 1340 1498 1911 1539 1645 1741 1712 1677 
44 1638 1601 1609 1354 1596 1699 1670 1664 1687 1747 1806 1828 1853 1852 1854 1857 1759 1726 1817 1764 1767 1634 1713 1443 1584 1378 1479 1393 1490 1717 1856 1710 1688 1897 1590 1602 1531 1824 1685 1527 1815 1476 1414 1464 

14 1784 1779 1753 1666 1627 1600 1571 1566 1563 1548 1526 1488 1438 1428 
26 1847 1753 1666 1627 1675 1600 1608 1697 1544 1570 1774 1481 1528 1415 1963 1949 1882 1822 1797 1936 1452 1412 1989 1871 1895 1893 
41 1703 1812 1900 1756 1730 1951 1976 1761 1952 1920 1663 1754 1718 1745 1738 1843 1921 1821 1798 1910 1935 1532 1960 1879 1839 1975 1803 1758 1772 1799 1813 1863 1820 1469 1449 1505 1483 1859 1894 1694 1792 

15 3016 2939 2857 2858 2855 2851 2838 2832 2822 2806 2798 2839 2879 2921 2972 
13 3026 2896 2876 2899 2901 2835 2828 2366 2480 2665 2786 2553 2949 
26 2422 2707 2974 3015 2439 2487 2852 2710 2523 2467 2986 2387 2350 2869 2775 2544 2620 2536 2504 2452 2437 3114 2789 2842 2860 2491 

17 3219 3274 3319 3316 3317 3311 3307 3297 3292 3284 3278 3277 3255 3235 3234 3210 3197 
17 3211 3378 3349 3337 3241 3308 3136 3251 3376 3141 3276 3413 3494 3200 3236 3217 3038 
11 3332 3223 3216 3218 3184 3306 3266 3379 3487 3324 3239 

11 3785 3759 3729 3723 3687 3680 3643 3616 3573 3564 3542 
8 3778 3687 3680 3643 3423 3482 3464 3500 
12 3554 3600 3578 3492 3592 3601 3541 3576 3922 3663 3780 3567 

33 4173 4165 4146 4125 4117 4103 4143 4194 4228 4241 4272 4311 4366 4406 4414 4435 4445 4475 4508 4529 4569 4597 4588 4579 4562 4548 4537 4530 4522 4516 4519 4509 4494 
22 4212 4179 4162 4252 4319 4402 4453 4518 4599 4448 4546 4488 4480 4524 4295 3997 4221 4200 4268 4271 4211 4263 
22 4499 4497 3934 4407 3943 4442 4589 4172 3948 3896 4323 4539 4503 4190 4142 4615 3978 4485 3787 3851 4517 4248 

12 4697 4766 4765 4764 4760 4758 4754 4748 4739 4693 4648 4642 
12 4608 4727 4715 4632 4636 4554 4677 4667 4609 4641 4705 4676 
15 4741 4743 4723 4738 4779 4729 4771 4767 4746 4782 4722 4506 4565 4668 4427 

