18 874 919 948 981 1013 1046 1104 1149 1190 1238 1241 1244 1248 1254 1266 1280 1274 1281 
5 971 1203 1304 1342 1388 
12 1268 1361 1308 1336 1220 1333 951 1151 1365 1366 1411 1306 
30 881 883 891 896 924 941 952 970 977 989 1007 1033 1043 1051 1064 1082 1092 1101 1111 1124 1140 1159 1174 1199 1219 1254 1266 1280 1274 1281 
12 986 1028 1040 1052 1072 1077 1099 1130 1125 1161 1193 1186 
17 1160 972 987 1200 1053 849 1105 906 1080 1031 1083 1196 1126 942 842 1034 1122 
10 888 959 1023 1016 1013 1046 1104 1149 1190 1238 
1 1103 
1 1078 
13 1013 1016 1023 959 888 881 883 891 896 924 941 952 970 
2 931 943 
0 
7 1023 959 888 884 885 880 874 
1 918 
1 894 
17 1280 1274 1281 1269 1261 1264 1267 1259 1265 1258 1262 1253 1257 1245 1242 1283 1326 
3 1338 1325 1075 
12 1035 1328 1516 1327 1352 1237 1115 1025 1295 1290 1285 1299 
13 1281 1274 1280 1266 1254 1316 1362 1399 1487 1506 1513 1502 1496 
2 1389 1577 
4 1410 1495 1534 1358 
10 857 914 967 1005 1106 1183 1208 1229 1234 1242 
0 
7 1194 939 969 824 728 819 846 
7 1483 1395 1346 1315 1281 1269 1261 
3 1344 1527 1549 
11 1524 1556 1347 1557 1528 1631 1511 1576 1525 1588 1621 
14 293 285 388 478 475 468 529 617 685 720 752 789 791 793 
4 730 661 599 606 
12 360 629 513 659 596 559 667 576 721 294 413 495 
32 814 808 806 861 904 1041 1185 1215 1240 1286 1277 1337 1457 1587 1642 1661 1647 1654 1626 1583 1550 1529 1509 1486 1443 1424 1322 1216 1177 1135 1136 1142 
4 1134 560 503 608 
19 1221 1207 755 1141 1188 581 494 621 556 1133 1287 1225 521 589 1213 524 1284 642 693 
8 1183 1106 1005 967 965 963 946 928 
0 
1 913 
14 1326 1283 1242 1234 1229 1208 1183 1179 1178 1127 1029 963 946 928 
1 1532 
0 
22 1326 1331 1340 1393 1456 1454 1464 1459 1466 1461 1471 1474 1477 1468 1479 1469 1482 1473 1485 1476 1484 1483 
10 1319 1408 1414 1417 1541 1422 1423 1425 1429 1434 
10 1442 1430 1498 1455 1453 1329 1458 1440 1446 1452 
20 759 770 783 806 866 916 922 928 1144 1460 1480 1555 1618 1624 1614 1607 1559 1510 1421 1368 
1 1521 
5 1514 1047 715 698 736 
13 1229 1234 1242 1245 1257 1253 1262 1258 1265 1259 1267 1264 1261 
2 1330 1341 
0 
12 1030 1049 1065 1067 1071 1132 1137 1139 1255 1397 1428 1488 
4 1114 1060 1071 1173 
7 1018 1298 1063 1081 1095 1398 1027 
11 232 227 228 222 217 211 209 206 193 160 133 
9 242 200 241 15 43 100 25 86 248 
34 6 239 210 208 36 16 46 66 24 7 65 69 61 98 233 238 10 37 99 19 73 68 75 115 89 237 14 11 17 3 12 5 244 4 
8 1810 1803 1804 1791 1806 1834 1854 1893 
6 1851 1825 1991 1875 1947 1903 
8 1820 1892 1978 1923 1934 1855 1894 1832 
11 1224 1353 1508 1586 1689 1714 1732 1760 1781 1776 1770 
0 
3 1226 1759 1491 
32 928 922 916 909 904 1041 1185 1215 1240 1286 1277 1337 1457 1587 1642 1661 1647 1654 1626 1583 1550 1529 1509 1486 1443 1424 1322 1216 1177 1135 1136 1142 
1 1210 
0 
9 928 869 814 834 851 850 860 853 857 
0 
0 
10 928 946 963 1029 1127 1178 1206 1224 1353 1508 
0 
0 
11 2216 2265 2279 2218 2160 2057 2019 1995 1964 1932 1893 
2 2013 1963 
2 2026 1960 
14 916 909 904 899 903 958 1002 1062 1074 1112 1123 1119 1090 1061 
12 1002 1074 962 566 498 1247 775 890 1153 570 747 893 
24 940 1088 1202 1157 1138 796 917 1145 649 670 845 716 953 1009 935 600 660 799 641 933 682 635 694 655 
13 488 485 478 475 468 529 617 685 720 752 789 791 793 
0 
1 402 
9 468 461 467 563 673 712 734 761 793 
1 654 
3 361 732 669 
7 1493 1554 1677 1730 1718 1734 1770 
0 
0 
7 1493 1364 1229 1208 1183 1179 1178 
0 
0 
14 419 432 442 455 472 486 512 525 539 554 582 604 633 650 
7 476 534 555 603 220 268 321 
14 218 212 273 473 607 269 249 297 325 376 197 553 323 527 
19 182 173 168 165 166 161 155 153 157 151 154 147 149 144 140 137 139 136 133 
14 134 190 187 185 183 181 179 125 176 172 45 156 103 110 
28 164 145 41 150 141 177 120 170 119 42 174 107 104 171 152 169 118 53 35 29 112 92 77 127 163 131 159 23 
12 442 432 419 416 412 411 405 407 400 394 392 390 
4 443 380 425 368 
5 414 386 421 401 398 
7 529 468 461 467 469 452 442 
0 
0 
9 2114 2113 2126 2139 2168 2196 2199 2207 2216 
2 2065 2184 
2 2197 2123 
10 1397 1428 1488 1547 1594 1639 1667 1638 1628 1614 
2 1568 1602 
2 1589 1620 
13 90 101 121 108 97 94 88 80 70 63 57 55 54 
10 87 58 9 82 81 32 28 52 33 34 
31 0 56 38 26 8 79 2 83 74 31 60 47 59 21 50 71 91 93 67 22 48 40 13 51 76 95 1 30 102 64 85 
13 390 384 379 369 367 365 359 358 357 354 347 348 350 
6 391 275 381 315 336 352 
10 338 329 333 331 337 364 378 389 296 355 
7 379 384 390 343 305 263 232 
4 406 415 283 291 
2 304 302 
7 1488 1428 1397 1255 1139 1087 1042 
1 1132 
1 1044 
13 2542 2508 2481 2456 2420 2392 2373 2353 2307 2283 2256 2227 2216 
10 2471 2408 2358 2274 3146 2640 2950 2847 2751 3058 
27 2703 3020 2931 2785 2811 3070 3101 3141 2625 2275 3039 3162 2777 2634 2974 3170 2830 2988 2849 2366 2477 2665 2742 2591 2722 3031 2414 
9 1730 1731 1732 1714 1689 1586 1508 1489 1488 
0 
0 
9 1730 1731 1732 1714 1689 1586 1508 1531 1545 
0 
4 1610 1683 1543 1604 
9 243 290 377 403 418 433 474 508 528 
1 426 
3 246 259 280 
10 346 335 324 317 300 287 257 225 204 182 
2 289 214 
2 288 223 
7 1732 1760 1781 1787 1802 1809 1795 
0 
0 
7 1368 1383 1396 1406 1418 1448 1488 
2 1236 1504 
2 1427 1351 
19 306 328 366 374 372 373 370 377 403 418 420 426 311 396 422 435 387 277 250 
7 436 311 135 132 260 191 106 
23 256 399 431 484 520 128 129 194 252 113 344 341 319 339 301 334 189 229 298 178 122 142 111 
9 167 207 216 231 240 255 271 284 308 
5 258 96 184 205 78 
15 188 123 226 202 192 117 146 126 138 130 267 109 186 235 158 
8 2400 2388 2381 2314 2248 2201 2152 2114 
6 2365 2289 2595 2518 2681 2641 
15 2659 2255 2679 2494 2557 2617 2725 2436 2697 2584 2375 2515 2522 2689 2649 
7 1061 990 831 759 770 783 806 
0 
0 
13 216 175 121 108 97 94 88 80 70 63 57 55 54 
2 72 44 
0 
17 441 404 350 342 346 393 440 451 482 517 538 551 562 573 594 605 632 
3 439 509 590 
5 477 577 518 449 547 
12 373 370 377 290 243 199 143 148 180 198 221 247 
3 195 320 230 
7 203 234 196 215 272 224 254 
11 373 370 377 290 243 199 143 114 84 62 54 
0 
0 
8 373 372 374 366 328 306 310 317 
0 
0 
18 1460 1480 1555 1618 1624 1614 1607 1559 1510 1421 1368 1235 1118 1055 1001 997 1015 1030 
0 
0 
13 859 839 826 807 789 791 793 761 734 712 673 563 467 
0 
0 
9 789 752 720 685 617 529 468 461 467 
0 
0 
7 789 807 826 839 859 868 876 
3 897 787 900 
5 905 912 797 879 832 
16 618 628 631 636 675 718 727 741 754 772 776 786 815 838 871 902 
4 572 812 877 575 
11 843 733 781 774 578 609 707 580 598 567 550 
10 1292 1263 1277 1337 1457 1587 1642 1661 1647 1654 
0 
1 1217 
8 1204 1170 1155 1148 1168 1187 1192 1185 
0 
0 
8 1317 1292 1263 1277 1286 1240 1215 1185 
1 1536 
5 1270 1412 1450 1565 1582 
8 817 828 844 864 862 859 868 876 
0 
1 813 
20 2621 2720 2837 2900 2936 2967 3007 3034 3060 3087 3111 3131 3166 3198 3241 3282 3312 3382 3444 3480 
33 3238 3384 3269 3476 3400 2820 2779 2396 2457 3249 2398 3195 2726 2528 2978 3210 2383 3429 2470 2550 2506 2843 2884 2833 2490 2417 3463 2899 2939 3534 3326 2866 2438 
92 3197 3381 3496 2787 2523 3169 3283 2790 3306 2932 2419 2487 2563 2788 2501 3366 2800 2923 2402 3514 2544 3254 3464 3389 3285 2475 3290 3256 2391 3247 2740 2553 2872 2797 3050 2466 2998 2395 3477 2495 2571 2530 2799 3036 3033 2981 2942 2778 2822 2749 2794 2838 2781 2805 2906 3334 2765 2819 3145 2841 3003 2852 2511 2959 2411 2431 2437 2775 2585 3250 3465 2559 2499 2539 2479 2520 2463 2425 2446 3467 2917 2951 2450 3531 3317 3332 3417 3490 2816 2603 2576 2459 
13 281 303 340 371 410 429 450 427 409 375 332 318 308 
2 363 313 
5 295 274 264 314 316 
9 523 491 456 447 441 404 350 342 346 
1 564 
5 542 535 506 464 546 
7 1222 1243 1292 1263 1277 1286 1240 
0 
0 
9 818 810 793 761 734 712 673 563 467 
1 816 
1 811 
7 1355 1317 1292 1263 1277 1286 1240 
0 
0 
18 2154 2147 2143 2144 2146 2140 2132 2134 2138 2128 2130 2124 2120 2111 2109 2105 2110 2114 
10 2056 2188 2058 2185 2177 2191 2048 2263 2210 2209 
16 2264 2300 2237 2193 2174 2159 2204 2155 2096 2167 2135 2266 2082 2112 2206 2203 
22 1842 1830 1828 1873 1919 1955 1968 1959 1958 1950 1952 1954 1945 1940 1942 1941 1937 1936 1984 2028 2064 2114 
8 1896 1889 1881 2029 1877 1941 2021 2009 
8 1946 1929 2025 1910 1917 1939 2027 1962 
8 1246 1222 1204 1170 1155 1148 1168 1187 
0 
0 
13 292 299 308 284 271 255 240 231 216 175 121 101 90 
1 219 
1 351 
8 1384 1350 1313 1297 1271 1246 1222 1204 
1 1184 
1 1276 
9 353 307 270 262 250 213 162 124 121 
1 261 
1 265 
7 1271 1300 1317 1292 1263 1277 1286 
0 
0 
7 1802 1787 1781 1776 1770 1783 1810 
0 
0 
11 356 385 410 429 450 427 409 375 332 318 308 
0 
1 327 
7 1843 1840 1842 1830 1828 1815 1810 
0 
0 
15 949 945 978 1019 1020 1014 1010 1164 1369 1367 1354 1373 1386 1402 1431 
1 991 
6 955 985 1024 982 1004 957 
8 1343 1313 1297 1323 1355 1317 1292 1263 
0 
0 
16 921 966 1010 1164 1369 1367 1354 1373 1386 1402 1431 1501 1560 1609 1660 1672 
0 
1 932 
10 1481 1433 1400 1381 1363 1343 1313 1297 1271 1246 
0 
0 
7 1987 1906 1842 1830 1828 1815 1810 
1 1902 
8 2024 1970 1992 1979 2017 2007 1943 1969 
8 410 385 356 353 307 270 262 250 
0 
0 
8 1381 1363 1343 1313 1297 1271 1300 1317 
0 
0 
8 1499 1475 1449 1400 1381 1363 1343 1313 
0 
0 
11 1809 1848 1993 2212 2272 2325 2330 2340 2351 2359 2355 
0 
0 
8 1400 1381 1363 1343 1313 1297 1323 1355 
0 
0 
14 718 675 636 631 628 618 623 616 620 627 626 619 643 650 
3 597 658 583 
3 602 601 640 
8 1522 1519 1499 1481 1436 1413 1384 1355 
1 1538 
5 1392 1540 1405 1539 1563 
8 1522 1512 1449 1400 1381 1363 1343 1313 
0 
0 
21 409 427 450 462 487 501 516 526 548 569 615 666 700 738 753 784 823 840 863 873 929 
3 651 800 749 
7 530 668 499 820 751 571 664 
13 1012 1019 1020 1014 1010 1164 1369 1367 1354 1373 1386 1402 1431 
0 
1 980 
33 3519 3480 3444 3382 3312 3282 3241 3180 3149 3130 3118 3090 3061 3026 2989 2960 2927 2889 2842 2806 2789 2764 2738 2727 2718 2686 2664 2637 2612 2596 2565 2555 2542 
27 3201 3114 3045 3086 2965 2914 2845 2877 2772 2759 2695 2654 2604 2545 3164 3148 3413 3122 2995 3147 3298 3359 3228 3421 3446 3093 2961 
37 3321 2984 2954 3387 2743 3270 3187 2556 2853 2963 3115 3055 2609 3294 2883 2941 2957 2972 2784 2835 3357 3418 3483 3232 3299 3314 2929 3377 3252 3441 2713 3445 3462 3173 2658 3072 2964 
9 3519 3583 3629 3659 3686 3706 3742 3757 3776 
11 3694 3595 3747 3792 3620 3807 3896 3963 4014 3661 4007 
20 3601 3713 3953 3845 3921 3926 3978 4022 3711 3905 3766 4008 3857 3655 3990 3925 3883 3815 4085 3710 
7 1449 1400 1381 1363 1343 1374 1384 
0 
0 
8 1449 1400 1433 1481 1436 1413 1384 1355 
0 
0 
9 2170 2178 2189 2220 2267 2308 2345 2387 2440 
7 2362 2001 2093 2091 2049 2084 2104 
9 2349 2066 2069 2153 2060 2086 2122 2052 2068 
8 1721 1729 1735 1732 1714 1689 1586 1508 
0 
0 
11 632 585 528 507 489 481 457 435 387 277 250 
2 511 396 
1 500 
13 1722 1721 1757 1778 1795 1809 1802 1822 1843 1909 2073 2173 2189 
0 
0 
7 1010 966 921 867 817 805 789 
0 
0 
7 998 954 898 907 921 867 817 
0 
2 994 865 
7 1795 1809 1802 1787 1781 1758 1730 
0 
0 
11 1795 1778 1993 2212 2272 2325 2330 2340 2351 2359 2355 
0 
0 
14 1711 1708 1697 1676 1661 1642 1587 1457 1337 1277 1286 1240 1215 1185 
0 
1 1515 
15 1661 1676 1697 1713 1724 1865 2050 2053 2062 2083 2107 2198 2306 2327 2351 
1 2035 
2 2172 2043 
21 1142 1136 1135 1177 1216 1322 1424 1443 1486 1509 1529 1550 1583 1626 1654 1686 1697 1708 1711 1744 1753 
0 
0 
17 1753 1744 1711 1708 1697 1686 1654 1626 1583 1550 1529 1509 1486 1443 1424 1437 1445 
0 
2 1467 1359 
12 934 902 871 838 815 786 776 772 754 741 727 718 
3 771 702 681 
1 964 
8 1778 1757 1721 1729 1735 1732 1731 1730 
0 
0 
13 1744 1753 1773 1778 1795 1809 1802 1822 1843 1909 2073 2173 2189 
0 
0 
17 3007 3034 3060 3087 3111 3131 3166 3198 3241 3295 3333 3375 3415 3437 3459 3481 3498 
9 3028 3137 3350 3388 3440 3505 3605 3672 3522 
12 3448 3528 3573 3587 3516 3554 3632 3564 3403 3344 3541 3542 
13 3007 2967 2936 2900 2837 2720 2621 2592 2548 2516 2478 2441 2400 
3 2928 2531 2310 
5 2378 2535 2372 2428 2346 
8 1773 1763 1913 2107 2198 2306 2331 2355 
0 
0 
7 1848 1809 1802 1787 1781 1758 1730 
0 
0 
9 1848 1993 1778 1773 1753 1744 1711 1708 1697 
0 
0 
17 1763 1746 1724 1713 1697 1686 1654 1626 1583 1550 1529 1509 1486 1443 1424 1437 1445 
0 
0 
7 1763 1744 1753 1722 1721 1595 1460 
0 
0 
12 822 858 947 1011 1073 1131 1156 1169 1205 1231 1251 1291 
2 1172 983 
8 1050 1181 1038 993 908 1058 1036 1094 
15 2334 2302 2267 2308 2345 2387 2440 2486 2534 2569 2605 2668 2712 2783 2868 
4 2364 2496 2424 2295 
20 2357 2296 2551 2467 2462 2455 2509 2367 2418 2301 2423 2390 2536 2443 2521 2410 2484 2702 2226 2313 
14 533 519 505 497 483 470 454 445 428 409 375 332 318 308 
4 541 532 465 424 
4 510 444 536 466 
21 533 493 450 462 487 501 516 526 548 569 615 666 700 738 753 784 823 840 863 873 929 
2 671 729 
0 
9 672 662 652 647 645 612 591 565 528 
4 622 579 724 648 
11 663 657 680 688 697 691 696 714 588 701 638 
12 3779 3704 3633 3599 3563 3519 3480 3444 3382 3312 3282 3241 
7 3785 3553 3644 3677 3604 3753 3786 
13 3750 3683 3709 3691 3652 3722 3788 3614 3698 3584 3703 3666 3748 
15 522 545 568 592 614 637 683 746 785 821 833 926 984 1000 1021 
3 504 887 531 
9 549 514 557 544 1006 835 537 574 613 
7 2267 2220 2189 2178 2170 2157 2154 
0 
0 
12 2691 2705 2731 2760 2801 2876 2935 2986 3008 3025 3077 3111 
8 2717 3027 2983 2651 2871 2541 2597 2851 
14 2671 2723 2768 2655 2610 3010 2615 2802 2757 2676 3001 2795 2687 2650 
13 2705 2731 2760 2801 2876 2812 2776 2728 2692 2678 2669 2633 2605 
1 2741 
2 2647 2708 
10 1011 947 858 822 794 777 766 758 737 718 
2 804 763 
2 779 762 
11 1011 976 934 902 870 829 792 731 709 679 650 
2 801 711 
2 825 704 
19 4272 4191 4117 4087 4051 3988 3912 3859 3803 3764 3726 3675 3635 3603 3580 3547 3518 3509 3498 
4 3718 3611 3548 3493 
6 4098 3622 3721 3893 3559 3502 
9 4272 4222 4193 4121 4048 3957 3858 3821 3776 
4 4235 3997 4072 3911 
4 4200 4055 3878 4030 
8 1993 1848 1809 1802 1787 1781 1776 1770 
0 
0 
10 1993 1848 1809 1802 1822 1843 1909 2073 2173 2189 
0 
0 
12 1672 1660 1609 1560 1501 1431 1402 1386 1373 1354 1146 998 
0 
0 
9 4826 4775 4737 4726 4719 4705 4690 4664 4641 
5 4709 4725 4702 4660 4729 
5 4723 4714 4704 4734 4761 
13 1369 1367 1354 1309 1249 1227 1175 1120 1100 1059 1011 976 934 
2 1107 1158 
2 1093 1108 
11 1354 1309 1249 1227 1175 1120 1100 1059 1011 1073 1131 
1 1066 
0 
9 2776 2812 2876 2910 2925 2947 2976 3000 3014 
2 2966 3012 
2 2987 2933 
9 1509 1426 1369 1367 1354 1373 1386 1402 1431 
0 
0 
10 2221 2253 2284 2309 2333 2324 2316 2360 2416 2453 
8 2514 1994 2150 2195 2224 2293 2054 2125 
12 2176 2200 2219 2469 2243 2229 2217 2233 2258 2250 2273 2291 
15 656 610 568 592 614 637 683 746 785 821 833 926 984 1000 1021 
2 540 1017 
3 684 646 634 
16 656 610 568 545 522 490 453 430 408 382 349 330 309 286 278 266 
7 437 459 383 322 362 276 312 
19 245 253 236 463 448 251 116 20 27 18 39 345 279 282 326 397 105 49 201 
18 4051 4087 4117 4191 4272 4371 4422 4469 4528 4552 4572 4571 4537 4518 4498 4474 4416 4353 
7 4097 4369 4561 4475 4560 4618 4675 
3 4396 4490 4531 
12 1431 1416 1348 1250 1227 1175 1120 1100 1059 1011 1073 1131 
0 
0 
8 1431 1501 1560 1609 1660 1672 1705 1724 
0 
0 
12 1131 1073 1011 947 858 822 757 708 686 677 653 632 
3 676 765 625 
6 689 756 744 692 788 802 
9 2857 2808 2776 2728 2692 2678 2669 2633 2605 
1 2631 
2 2882 2814 
28 848 915 938 974 996 1026 1039 1076 1129 1167 1214 1228 1256 1289 1314 1385 1533 1561 1572 1596 1617 1633 1659 1684 1681 1690 1706 1716 
3 1195 1566 1655 
7 1601 856 1635 1273 1154 1218 1117 
19 4737 4755 4785 4843 4909 4962 5008 5033 5065 5076 5088 5124 5154 5203 5242 5279 5315 5338 5376 
7 4938 5127 5274 5462 5507 5368 5543 
21 5421 5463 5516 5296 5404 4917 5435 5441 4899 5550 4787 5016 5502 5139 5390 4999 5551 5223 5545 5513 5393 
14 5376 5395 5382 5341 5304 5229 5185 5138 5083 5059 5018 4957 4883 4826 
5 5324 5209 5093 4987 4930 
5 4990 5196 5332 4947 5079 
9 2605 2569 2534 2486 2440 2407 2384 2363 2333 
2 2524 2421 
1 2401 
11 4018 3934 3855 3784 3695 3667 3658 3697 3731 3770 3803 
2 3919 3678 
3 3877 3646 3719 
11 923 889 878 938 915 974 950 910 929 873 901 
1 852 
1 895 
10 1462 1500 1627 1799 1831 1823 1814 1800 1801 1811 
5 1774 1859 1785 1673 1294 
14 1794 1507 1745 1404 1833 1798 1766 1733 1789 1869 1307 1769 1755 1740 
8 1462 1500 1627 1799 1911 1915 1924 1949 
2 1862 1784 
0 
15 915 848 830 782 742 690 639 561 492 479 458 446 434 395 353 
10 735 595 515 417 480 423 552 630 593 674 
6 460 611 471 739 496 438 
9 3803 3859 3912 3988 4051 3969 3897 3838 3779 
2 3866 3917 
1 3907 
7 4641 4578 4523 4486 4445 4402 4353 
3 4502 4522 4423 
3 4435 4529 4513 
11 837 925 911 937 936 901 929 910 950 974 996 
0 
0 
11 3038 3013 2977 2997 3006 3014 3037 3076 3088 3117 3142 
2 3109 3235 
7 3092 3211 3124 3236 3176 3196 2948 
15 2416 2505 2568 2618 2663 2704 2719 2733 2752 2771 2786 2796 2810 2834 2868 
5 2644 2706 2804 2730 2881 
5 2769 2826 2700 2774 2626 
26 950 974 996 1026 1039 1076 1129 1167 1214 1228 1256 1289 1314 1385 1533 1561 1572 1596 1617 1633 1659 1684 1681 1690 1706 1716 
2 1233 1312 
0 
15 950 974 915 938 878 836 803 780 764 748 726 719 710 678 652 
4 790 745 717 695 
4 760 705 798 723 
10 3658 3667 3695 3839 3998 4049 4090 4114 4126 4149 
3 4175 3933 4064 
5 4134 4025 4099 4062 4124 
8 2505 2416 2360 2316 2324 2333 2309 2284 
0 
0 
9 2325 2330 2340 2351 2359 2355 2574 2782 2858 
0 
0 
10 911 882 837 795 827 855 872 886 956 1021 
5 809 767 699 743 665 
6 847 841 875 892 778 773 
25 974 950 910 863 840 823 784 753 738 700 666 615 569 548 526 516 501 487 462 450 429 410 385 356 353 
1 586 
0 
8 1239 1180 1150 1091 1008 992 968 923 
3 1089 944 854 
1 1096 
13 1180 1293 1403 1505 1535 1546 1569 1611 1656 1682 1700 1717 1742 
2 1472 1375 
5 1296 1390 1542 1692 1663 
12 936 937 911 925 837 795 827 855 872 886 956 1021 
1 768 
0 
20 936 901 873 863 840 823 784 753 738 700 666 615 569 548 526 516 501 487 462 450 
1 543 
0 
12 937 936 901 929 910 950 974 996 1057 1116 1191 1282 
3 1032 1102 1197 
1 1110 
9 3695 3784 3855 3934 4018 4120 4214 4274 4353 
1 4257 
1 4241 
9 3127 3096 3054 3038 3013 2977 2946 2915 2887 
0 
3 2880 2864 2893 
16 2351 2327 2306 2290 2259 2262 2249 2183 2097 2077 2003 1925 1918 1911 1799 1627 
1 1598 
1 1548 
10 960 925 837 795 827 855 872 886 956 1021 
3 930 1037 961 
5 999 1003 995 988 1022 
9 960 937 936 901 929 910 950 974 996 
0 
0 
16 973 936 937 911 925 837 795 769 750 725 713 703 644 584 558 533 
3 722 687 624 
3 740 587 706 
10 973 929 910 950 974 996 1057 1116 1191 1282 
0 
0 
20 973 929 873 863 840 823 784 753 738 700 666 615 569 548 526 516 501 487 462 450 
1 502 
0 
8 973 929 910 950 974 915 938 878 
1 979 
1 920 
9 2403 2382 2351 2327 2306 2198 2107 1913 1763 
0 
0 
11 1201 1301 1376 1503 1584 1611 1656 1682 1700 1717 1742 
2 1637 1675 
2 1622 1666 
17 1201 1150 1180 1239 1291 1324 1345 1357 1372 1380 1394 1407 1439 1441 1462 1500 1627 
3 1302 1517 1518 
5 1377 1465 1387 1320 1415 
7 2868 2783 2712 2668 2605 2606 2567 
1 2683 
0 
20 2259 2290 2306 2331 2355 2574 2782 2858 2924 2975 3074 3167 3214 3288 3401 3513 3597 3625 3654 3680 
1 3052 
5 3048 3119 3184 3066 3071 
25 3471 3442 3419 3342 3272 3239 3218 3168 3139 3100 3046 2922 2758 2628 2491 2458 2403 2382 2351 2359 2355 2321 2299 2236 2182 
1 2526 
2 2504 2973 
7 2249 2163 2050 2053 2062 2083 2107 
0 
0 
13 1293 1239 1291 1324 1345 1357 1372 1380 1394 1407 1439 1441 1462 
2 1409 1311 
0 
9 1403 1293 1180 1150 1091 1008 992 968 923 
2 1079 927 
0 
16 1403 1379 1349 1291 1324 1345 1357 1372 1380 1394 1407 1439 1441 1462 1500 1627 
1 1451 
1 1391 
12 2299 2281 2249 2183 2097 2077 2003 1925 1918 1911 1799 1627 
0 
0 
14 4483 4485 4487 4480 4477 4462 4452 4419 4377 4329 4234 4211 4182 4149 
4 4516 4473 4401 4139 
4 4194 4458 4387 4499 
12 4483 4491 4495 4505 4524 4538 4555 4568 4594 4616 4633 4641 
6 4482 4566 4540 4658 4461 4454 
4 4556 4489 4559 4644 
11 4935 5013 5065 5033 5008 4962 4909 4843 4785 4755 4737 
4 4937 5049 4893 4833 
0 
11 2097 2081 1981 1867 1771 1691 1687 1685 1672 1705 1724 
1 1812 
5 1912 1899 1957 1824 1907 
14 3139 3168 3218 3239 3174 3127 3112 3104 3080 3040 3029 3017 2980 2949 
4 3123 3069 2985 2867 
7 3110 2920 2874 3005 2860 3047 2999 
8 3046 3100 3139 3202 3385 3471 3568 3658 
1 3616 
0 
12 4768 4752 4743 4724 4706 4695 4656 4598 4576 4550 4510 4477 
5 4713 4629 4541 5037 4890 
10 4991 4733 5005 4542 4605 4884 5031 4920 4813 4868 
16 4477 4480 4487 4485 4483 4449 4420 4400 4285 4178 4158 4127 4101 4066 4042 4018 
5 4397 4228 4106 4010 4094 
5 4412 4118 4070 4181 4054 
15 3684 3736 3778 3769 3767 3720 3665 3634 3582 3549 3532 3515 3500 3454 3405 
12 3771 3660 3539 3592 3474 3567 3524 3356 3409 3628 3303 3315 
35 3533 3594 3552 3602 3556 3447 3376 3431 3427 3450 3365 3664 3386 3398 3373 3714 3411 3353 3558 3408 3416 3607 3648 3565 3383 3362 3330 3345 3591 3570 3653 3619 3571 3575 3588 
21 5497 5452 5411 5386 5354 5327 5297 5273 5248 5230 5189 5153 5108 5035 4983 4903 4829 4777 4735 4718 4695 
4 5310 4936 4811 4721 
8 5333 5553 4959 4821 4732 5222 5580 5557 
13 5497 5477 5450 5431 5405 5349 5303 5270 5242 5279 5315 5338 5376 
3 5418 5410 5320 
3 5312 5445 5413 
9 1569 1503 1376 1334 1282 1191 1116 1057 996 
0 
0 
7 1569 1546 1535 1505 1403 1379 1349 
1 1551 
0 
9 1569 1578 1593 1632 1665 1671 1679 1698 1627 
2 1615 1709 
2 1652 1688 
17 3106 3083 3046 2922 2758 2628 2491 2458 2403 2382 2351 2359 2355 2321 2299 2236 2182 
0 
0 
15 2758 2922 3046 3083 3106 3205 3407 3428 3451 3457 3466 3470 3482 3495 3500 
2 3508 3545 
3 3504 3491 3473 
11 2758 2628 2491 2458 2403 2374 2325 2338 2371 2416 2505 
0 
0 
22 1999 1976 1982 1967 1949 1983 2018 2046 2074 2106 2133 2149 2156 2161 2151 2141 2116 2089 2070 2008 1930 1908 
4 1927 2047 2000 1884 
8 1975 1986 2079 2016 1980 2036 2034 1956 
12 4695 4706 4724 4743 4752 4768 4794 4825 4869 4912 4922 4935 
2 4758 4845 
2 4886 4799 
12 5411 5366 5307 5283 5234 5170 5128 5088 5124 5154 5203 5242 
3 5286 5201 5211 
2 5295 5184 
16 2782 2858 2918 2930 3023 3106 3205 3407 3428 3451 3457 3466 3470 3482 3495 3500 
1 3527 
0 
7 2782 2574 2355 2321 2299 2236 2182 
0 
0 
9 4322 4306 4293 4258 4240 4229 4217 4186 4149 
3 4348 4295 4302 
3 4316 4256 4232 
17 3582 3634 3665 3720 3767 3820 3860 3891 3936 3952 3973 4019 4047 4100 4157 4180 4207 
5 3833 3920 4069 4188 4133 
6 3854 4248 3948 4148 4060 4163 
9 1949 1967 1982 2033 2277 2573 2630 2913 3091 
0 
0 
8 2858 2782 2761 2758 2628 2491 2458 2403 
0 
0 
9 4207 4247 4301 4342 4361 4375 4385 4407 4427 
1 4297 
2 4259 4338 
17 1382 1494 1558 1570 1581 1599 1608 1630 1653 1703 1739 1767 1796 1836 1863 1880 1900 
9 1564 1597 1649 1738 1752 1816 1890 1573 1544 
7 1575 1648 1788 1808 1870 1748 1591 
13 1382 1370 1335 1289 1256 1228 1214 1167 1129 1076 1039 1026 996 
4 1385 1070 1163 1069 
0 
7 2930 2848 2758 2628 2491 2458 2403 
0 
0 
14 2930 2918 2858 2782 2770 2755 2711 2684 2673 2579 2422 2335 2246 2182 
3 2846 2525 2320 
2 2714 2347 
12 5297 5259 5174 5121 5080 5040 5004 4935 5013 5065 5076 5088 
2 5167 5051 
2 5132 5046 
23 3500 3515 3532 3549 3582 3618 3649 3699 3756 3775 3795 3811 3829 3850 3867 3892 3915 3935 3951 3970 3986 4001 4021 
27 3642 3689 3716 3773 3760 3812 3797 3853 3835 3895 3870 3937 3914 3975 3955 4195 4226 4347 4130 4093 4059 4172 4160 4268 4243 4296 3643 
40 3962 4089 4320 4204 4131 4151 4174 3782 4057 4111 4216 4245 4162 3938 3899 4336 4153 3813 4113 4263 4202 4237 4292 3882 4141 4080 4171 3924 3657 4304 3842 4230 3856 3762 4183 3640 3976 3738 3806 4283 
7 3407 3205 3106 3185 3336 3526 3695 
0 
0 
13 5153 5189 5230 5248 5273 5297 5259 5174 5121 5080 5040 5004 4935 
1 5193 
0 
8 2018 1983 1949 1924 1915 1911 1799 1627 
0 
0 
17 4427 4407 4385 4362 4328 4262 4227 4210 4192 4170 4144 4122 4092 4068 4043 4038 4021 
3 4205 4168 4078 
5 4179 4213 4083 4035 4136 
9 4427 4428 4426 4395 4379 4365 4351 4339 4322 
2 4399 4376 
2 4384 4360 
9 4385 4407 4427 4443 4457 4494 4526 4565 4617 
9 4488 4455 4547 4532 4662 4665 4563 4569 4651 
16 4609 4527 4637 4639 4604 4465 4612 4460 4589 4525 4592 4603 4630 4606 4607 4611 
11 3478 3438 3407 3428 3451 3457 3466 3470 3482 3495 3500 
1 3497 
1 3485 
11 1558 1494 1382 1371 1279 1198 1152 1086 1068 1048 1021 
3 1165 1109 1045 
3 1084 1182 1054 
8 1879 1858 1849 1838 1793 1768 1756 1742 
2 1866 1751 
2 1853 1764 
7 1879 1872 1857 1850 1829 1807 1811 
1 1786 
1 1841 
9 4328 4362 4385 4375 4361 4342 4301 4247 4207 
1 4233 
0 
16 3424 3379 3331 3339 3347 3361 3367 3404 3430 3458 3494 3506 3525 3543 3546 3557 
15 3472 3259 3301 3469 3586 3178 3150 3177 3209 3212 3151 3156 3155 3346 3449 
37 3340 3206 3220 3355 3456 3273 3561 3215 3189 3308 3488 3324 3397 3221 3231 3296 3248 3251 3271 3219 3190 3191 3439 3192 3435 3309 3281 3245 3230 3226 3224 3244 3287 3310 3370 3258 3436 
11 1684 1681 1690 1706 1716 1749 1775 1845 1908 1920 1935 
3 1772 1645 1530 
14 1725 1710 1658 1668 1696 1695 1520 1497 1537 1574 1728 1762 1523 1613 
12 1690 1681 1684 1659 1633 1617 1596 1572 1562 1553 1492 1382 
2 1533 1592 
1 1567 
7 1716 1706 1690 1571 1420 1360 1282 
1 1444 
1 1432 
19 1608 1599 1581 1570 1558 1526 1463 1435 1378 1318 1305 1288 1278 1275 1272 1252 1232 1230 1223 
10 1470 1356 1310 1211 1401 1166 975 1056 1162 1143 
17 1321 1097 1085 1121 1098 1128 1260 1212 1303 1447 1189 1171 1113 1176 1147 1209 1339 
23 3331 3379 3424 3452 3478 3492 3499 3521 3550 3569 3590 3610 3636 3651 3668 3692 3715 3729 3752 3768 3789 3801 3814 
9 3523 3578 3589 3615 3656 3696 3740 3728 3799 
9 3511 3724 3579 3641 3679 3793 3600 3560 3730 
10 1736 1723 1720 1716 1749 1775 1845 1908 1920 1935 
0 
0 
10 2074 2046 2018 2061 2099 2158 2211 2225 2242 2235 
2 2076 2305 
3 2257 2103 2088 
7 4753 4722 4697 4685 4669 4655 4617 
2 4689 4684 
2 4670 4696 
9 1779 1765 1754 1743 1736 1726 1715 1704 1684 
3 1777 1905 1926 
10 1835 1819 1782 1813 1844 1852 1886 1790 1856 1821 
17 4431 4415 4394 4370 4328 4262 4227 4210 4192 4170 4144 4122 4092 4068 4043 4038 4021 
8 4380 4125 4015 4220 4260 4438 4319 4358 
17 4444 4333 4261 4300 4439 4343 4390 4321 4350 4374 4408 4441 4456 4484 4381 4357 4373 
14 2586 2582 2575 2573 2630 2913 3091 3094 3108 3128 3129 3157 3199 3237 
0 
3 2587 2590 2549 
12 1640 1625 1606 1590 1585 1580 1579 1552 1490 1419 1332 1223 
7 1707 1478 1670 1603 1605 1600 1623 
17 1664 1651 1657 1646 1641 1678 1680 1629 1634 1619 1612 1644 1650 1662 1669 1636 1438 
14 2573 2575 2582 2586 2452 2350 2187 2030 2012 1999 2039 2121 2165 2182 
1 2329 
1 2354 
25 1908 1920 1935 2023 2090 2131 2175 2180 2208 2234 2261 2297 2315 2337 2430 2538 2558 2614 2667 2709 2766 2792 2818 2861 2897 
4 2271 2356 2680 2827 
9 2767 2240 2540 2813 2660 2181 2339 2294 2092 
8 3214 3167 3074 2975 2924 2858 2918 2930 
0 
0 
13 3814 3847 3880 3890 3913 3941 3945 3959 3964 3979 3985 4006 4021 
5 3950 3861 4011 4028 4046 
5 3928 4012 3967 3873 3991 
8 2133 2106 2074 2031 1996 1944 1898 1879 
1 1973 
1 1989 
11 1935 1920 1908 1930 2008 2070 2089 2116 2141 2151 2161 
0 
0 
21 2085 2100 2145 2180 2208 2234 2261 2297 2315 2337 2430 2538 2558 2614 2667 2709 2766 2792 2818 2861 2897 
4 2311 2580 2750 2735 
0 
9 2085 2098 2129 2164 2171 2161 2156 2149 2133 
0 
0 
7 2085 2022 1930 1908 1895 1805 1742 
0 
0 
15 3574 3566 3557 3608 3647 3670 3702 3732 3759 3781 3798 3823 3843 3871 3908 
5 3639 3685 3739 3787 3825 
9 3479 3536 3585 3512 3794 3754 3836 3645 3701 
11 1931 1916 1864 1827 1780 1741 1727 1693 1643 1616 1608 
3 1888 1761 1719 
3 1837 1750 1737 
19 5042 4982 4897 4867 4850 4828 4807 4782 4753 4771 4784 4800 4815 4844 4874 4864 4866 4911 4961 
15 4949 4882 4783 4756 4873 4847 5243 5131 4992 5095 5078 5168 5216 5063 5210 
43 5261 4914 5240 5159 5071 5072 5302 5257 5284 5188 5227 5104 5144 5122 5204 5151 5086 4837 4944 4968 5125 5103 5256 5172 5293 4763 5114 5264 5109 4860 5194 5214 5017 4790 5206 5081 4891 4857 4981 4989 4965 4916 5232 
11 4632 4628 4626 4625 4624 4623 4622 4621 4620 4619 4617 
8 4583 4677 4676 4581 4579 4674 4575 4671 
8 4602 4649 4597 4596 4650 4600 4653 4652 
10 4632 4673 4712 4728 4779 4812 4881 4948 5009 5042 
3 4693 4788 4933 
3 4710 4808 4934 
7 3908 3894 3887 3864 3852 3837 3814 
2 3932 3804 
2 3902 3830 
38 3908 3946 3971 3989 4002 4020 4037 4052 4067 4084 4105 4145 4177 4197 4215 4224 4239 4250 4273 4288 4308 4324 4345 4354 4367 4383 4391 4418 4429 4434 4442 4450 4463 4470 4503 4534 4580 4632 
16 3960 3995 4033 4058 4095 4166 4208 4231 4253 4289 4326 4382 4405 4425 4468 4551 
16 4388 4102 4349 4000 4218 4278 4535 4244 4433 4065 4312 4421 4173 4466 4034 3968 
9 2180 2145 2100 2085 2098 2129 2164 2171 2161 
2 2192 2251 
0 
14 2180 2175 2131 2090 2023 1935 1972 2005 2006 1997 1985 1974 1953 1931 
5 2102 2067 2041 2119 2142 
2 2004 2020 
12 2891 2888 2885 2875 2869 2745 2652 2638 2600 2543 2562 2573 
3 2952 2427 2701 
10 2688 2901 2498 2898 2829 2856 2756 2670 2836 2685 
9 1887 1860 1846 1817 1792 1747 1699 1674 1640 
4 1826 1818 1701 1712 
4 1702 1694 1797 1839 
10 1887 1883 1885 1876 1878 1874 1868 1871 1882 1900 
3 1922 1948 1847 
3 1897 1861 1904 
16 5593 5584 5570 5590 5627 5658 5723 5764 5776 5790 5829 5860 5893 5927 5956 5990 
11 5823 5902 6381 6430 6448 6265 6195 6412 6456 5684 5514 
36 5511 6201 6434 6452 5614 5656 5916 6393 5483 5734 5667 5847 5623 5558 5773 5762 6469 6391 6209 6470 5518 6472 6477 6476 6466 6156 6445 6450 6402 6291 6007 6041 5692 5689 6467 5522 
10 5570 5556 5538 5476 5358 5278 5282 5239 5164 5153 
0 
1 5378 
7 2072 2055 2045 2015 1966 1951 1931 
2 1998 2032 
3 2040 1990 2063 
11 2588 2624 2643 2616 2578 2517 2497 2489 2473 2342 2230 
3 2601 2627 2546 
6 2503 2623 2581 2247 2205 2527 
14 2840 2907 2940 2996 3019 3067 3099 3116 3135 3160 3163 3172 3181 3182 
2 3113 2990 
6 2944 3102 2809 2934 2943 2886 
17 5680 5671 5658 5525 5409 5346 5110 4880 4802 4744 4688 4573 4411 3999 3741 3707 3680 
1 5420 
5 5415 5706 5739 3802 4749 
10 2517 2578 2616 2643 2624 2588 2537 2368 2287 2235 
2 2322 2179 
2 2228 2348 
26 3128 3129 3157 3199 3237 3225 3207 3194 3193 3175 3159 3160 3163 3172 3181 3182 3158 3136 3097 3053 3002 2953 2839 2721 2653 2588 
4 3161 3064 2993 2753 
4 2955 3059 3140 2724 
13 2940 2907 2840 2744 2674 2642 2561 2460 2461 2464 2493 2529 2543 
5 2639 2415 2389 2343 2619 
4 2566 2646 2445 2447 
15 2921 2916 2907 2940 2996 3019 3067 3099 3116 3135 3160 3163 3172 3181 3182 
0 
7 2716 2817 2798 2994 3073 3084 3011 
9 3625 3654 3680 4108 4636 4831 4852 4863 4880 
0 
0 
10 3680 3654 3625 3650 3673 3783 3885 3918 3939 3949 
0 
5 3984 3972 3966 3981 3906 
10 3673 3705 3741 3999 4411 4573 4688 4744 4802 4880 
2 4760 4642 
0 
10 3673 3358 3091 3094 3108 3128 3129 3157 3199 3237 
0 
0 
11 3673 3650 3625 3420 3227 3144 2971 2824 2793 2675 2586 
3 3216 2859 3348 
2 3229 2831 
11 3741 3705 3673 3783 3885 3918 3939 3949 3944 3940 3922 
4 3674 3627 3562 3624 
20 3737 3744 3690 3708 3765 3743 3758 3777 3790 3717 3751 3749 3734 3733 3676 3904 3822 3889 3862 3848 
10 3741 3707 3680 3593 3432 3186 3065 3015 2956 2930 
0 
0 
11 4831 4852 4863 4880 5110 5346 5409 5525 5658 5723 5764 
0 
0 
10 4831 5187 5486 5537 5535 5538 5476 5358 5278 5282 
0 
1 5555 
7 3160 3159 3175 3193 3194 3121 3063 
0 
3 3081 3035 3030 
13 2593 2476 2442 2370 2304 2276 2244 2214 2190 2162 2117 2095 2072 
10 2474 2439 2222 2169 2087 2285 2318 2480 2405 2202 
14 2560 2282 2213 2254 2577 2472 2449 2482 2115 2238 2186 2288 2448 2433 
11 2393 2432 2465 2488 2512 2547 2570 2608 2635 2677 2734 
5 2394 2533 2607 2232 2323 
21 2629 2564 2312 2902 2286 2317 2483 2268 2336 2397 2352 2376 2303 2369 2278 2260 2341 2409 2399 2454 2319 
12 2393 2332 2270 2194 2127 2101 2080 2037 2002 1971 1921 1900 
6 2223 2148 2059 1961 1977 2014 
4 2269 2075 2136 1988 
9 2897 2969 3049 3095 3133 3183 3255 3318 3395 
2 3126 3266 
5 3399 3134 3132 3261 3044 
10 3423 3390 3351 3320 3286 3279 3246 3217 3188 3160 
0 
3 3475 3461 3443 
10 3363 3352 3338 3335 3325 3305 3265 3217 3188 3160 
0 
5 3394 3391 3426 3313 3322 
12 2512 2488 2465 2432 2393 2404 2361 2245 2166 2118 2094 2072 
2 2042 2038 
1 2108 
8 3832 3831 3796 3755 3623 3487 3300 3128 
2 3484 3396 
10 3841 3834 3810 3772 3745 3763 3800 3489 3712 3486 
8 3049 2969 2897 2903 2908 2911 2937 2962 
2 3041 2854 
1 2896 
8 3693 3468 3264 3237 3199 3157 3129 3128 
0 
1 3700 
7 3693 3468 3264 3237 3225 3207 3194 
0 
0 
9 3056 3057 3049 3095 3133 3183 3255 3318 3395 
1 3179 
0 
12 2661 2657 2662 2746 2862 2945 3021 3042 3085 3098 3154 3243 
2 3051 3032 
2 3103 3022 
10 3343 3354 3371 3395 3453 3503 3538 3572 3688 3824 
3 3537 3529 3223 
5 3555 3277 3510 3203 3849 
15 5478 5480 5485 5505 5524 5549 5562 5583 5604 5628 5650 5665 5688 5713 5732 
6 5540 5571 5609 5647 5686 5750 
7 5694 5565 5491 5606 5683 5648 5531 
14 3078 3075 3016 2962 2926 2878 2855 2832 2803 2773 2748 2699 2656 2593 
4 2828 2879 2736 2645 
4 2737 2648 2844 2863 
19 2825 2850 2873 2904 2919 3004 3089 3152 3243 3263 3278 3289 3307 3327 3349 3364 3393 3412 3434 
8 3302 3337 3380 3422 2694 2507 2412 2696 
18 2715 2583 2492 2636 2552 2780 2710 3402 2729 3284 3360 2693 2519 2572 2912 3319 2510 2698 
11 3075 2970 2870 2747 2666 2707 2754 2791 2825 2850 2873 
8 2732 2815 2326 2620 2292 2992 2613 2434 
16 2894 2215 2622 2513 2594 2328 2231 2909 2938 2892 2739 2429 2435 2239 2968 2444 
13 3075 3153 3276 3275 3267 3234 3208 3165 3125 3107 3089 3152 3243 
5 3292 3082 3143 2982 3079 
3 3222 3280 3120 
17 5990 5981 5970 5968 5964 5959 5963 5961 5954 5944 5949 5966 5982 5946 5923 5899 5884 
8 5926 5947 5901 5629 5730 5815 5674 5794 
20 5717 5800 5797 5634 5725 5631 5933 5938 5909 5802 5695 5705 5673 5744 5727 5645 5612 5889 5771 5685 
10 2862 2746 2662 2657 2661 2632 2599 2589 2554 2512 
1 2690 
1 2602 
19 2734 2762 2895 2991 3024 3105 3171 3233 3304 3369 3434 3520 3613 3638 3663 3727 3791 3828 3876 
4 3328 3576 3662 3761 
5 3018 3316 3598 3780 3687 
11 3949 3944 3940 3922 3910 3888 3872 3881 3884 3874 3875 
1 4009 
1 3929 
8 3395 3371 3354 3343 3341 3293 3213 3182 
1 3414 
0 
9 5485 5480 5478 5470 5469 5459 5455 5439 5432 
6 5501 5532 5509 5515 5598 5447 
14 5389 5475 5527 5523 5559 5539 5599 5488 5496 5449 5592 5582 5479 5471 
7 3089 3004 2919 2904 2873 2865 2862 
1 2905 
0 
13 5253 5205 5155 5087 5023 4985 4926 4898 4879 4851 4824 4765 4739 
27 5191 5002 4940 4885 5070 5419 5317 5028 5126 4918 5107 5043 5277 4822 4986 5272 4945 5180 5233 5238 5181 4877 5014 4836 5322 5371 5363 
55 5041 5394 4786 5053 5408 5208 4801 4773 4901 4727 5337 5149 5173 5330 5011 5142 4923 4854 4998 4887 5299 5067 5090 5265 4853 4952 4970 5285 5075 5258 4964 5111 5020 5057 4818 4892 4757 5367 5276 5237 5179 5321 4861 4979 5200 5250 5225 4906 5163 4908 5030 4803 5314 5357 5385 
16 5959 5905 5858 5782 5714 5655 5564 5519 5495 5478 5470 5469 5459 5455 5439 5432 
2 5878 5526 
3 5719 5857 5521 
15 3297 3329 3368 3323 3276 3275 3267 3234 3208 3165 3125 3107 3089 3152 3243 
6 3260 3507 3626 3671 3406 3544 
13 3551 3681 3433 3378 3577 3501 3460 3410 3596 3630 3425 3540 3606 
7 3297 3291 3200 3078 3075 3016 2962 
0 
0 
14 5732 5731 5721 5701 5702 5700 5677 5664 5660 5659 5646 5626 5610 5597 
2 5662 5735 
3 5691 5715 5617 
19 5023 5087 5155 5205 5253 5267 5298 5313 5328 5343 5369 5384 5403 5416 5429 5436 5451 5465 5485 
6 5325 5362 5397 5423 5442 5472 
6 5383 5311 5460 5414 5433 5339 
19 4926 4985 5023 5048 5069 5141 5221 5231 5245 5294 5352 5380 5406 5430 5444 5468 5487 5512 5541 
7 5038 5226 5251 5400 5370 5467 5508 
7 5443 5402 5492 5062 5355 5215 5249 
8 4392 4459 4447 4424 4409 4386 4372 4366 
10 4514 4501 4189 4238 4123 4176 4236 4294 4599 4088 
20 4564 4410 4506 4440 4201 4156 4437 4265 4135 4138 4190 4196 4270 4281 4481 4075 4327 4063 4167 4225 
7 3276 3153 3075 2970 2870 2747 2666 
0 
0 
7 3276 3153 3075 3078 2979 3043 3056 
0 
0 
21 3024 2991 2895 2762 2734 2672 2611 2502 2385 2344 2298 2252 2137 2051 2044 2010 1965 1938 1914 1901 1887 
7 2532 2379 2241 2078 1891 2011 2406 
14 1933 2426 2485 2500 2451 2413 2380 2598 1928 2386 2468 2377 2280 2071 
10 5840 5836 5817 5793 5741 5659 5646 5626 5610 5597 
1 5608 
1 5779 
12 5840 5825 5804 5768 5732 5731 5721 5701 5702 5700 5677 5664 
1 5788 
1 5803 
9 3368 3329 3297 3274 3240 3138 3068 3062 3056 
1 3242 
1 3257 
14 3872 3844 3824 3816 3817 3840 3851 3903 3954 3947 3923 3898 3869 3876 
1 3682 
1 3808 
12 5961 5963 5959 5905 5858 5782 5714 5655 5564 5519 5495 5478 
1 5733 
0 
10 4521 4497 4467 4459 4447 4424 4409 4386 4372 4366 
1 4464 
0 
14 4459 4467 4497 4521 4544 4574 4584 4595 4608 4631 4657 4686 4711 4739 
4 4614 4645 4663 4717 
4 4694 4613 4646 4588 
10 3171 3105 3024 3009 2958 2890 2821 2763 2682 2661 
1 2807 
1 2823 
13 5664 5660 5659 5646 5626 5610 5597 5619 5644 5668 5699 5726 5748 
2 5698 5630 
6 5711 5678 5657 5709 5737 5641 
13 3434 3369 3304 3233 3171 3204 3253 3311 3374 3455 3535 3581 3617 
4 3268 3392 3517 3805 
7 3262 3372 3827 3826 3723 3927 3530 
13 5659 5660 5664 5620 5579 5561 5544 5453 5374 5348 5306 5266 5253 
3 5547 5552 5377 
3 5576 5548 5372 
13 5982 5989 5998 6025 6047 6091 6130 6148 6167 6180 6189 6215 6232 
3 6036 6145 6163 
7 6048 6184 6199 6044 6170 6000 6138 
8 5793 5817 5836 5840 5864 5888 5920 5961 
1 5894 
1 5885 
20 4298 4266 4252 4269 4290 4313 4309 4303 4242 4209 4187 4165 4155 4152 4150 4154 4159 4146 4140 4143 
2 4077 4417 
11 4284 4432 4184 4356 4378 4414 4107 4128 4073 4206 4129 
14 4252 4266 4298 4299 4307 4311 4323 4317 4334 4337 4344 4341 4355 4366 
3 4406 4203 4147 
6 4352 4287 4277 4249 4364 4315 
25 6444 6426 6394 6375 6348 6335 6320 6303 6273 6256 6249 6232 6218 6197 6162 6103 6033 5961 5963 5959 5964 5968 5970 5981 5990 
5 6380 6290 6196 6062 6451 
10 6454 6475 6253 6386 6192 6314 6355 6465 6458 6102 
12 4116 4142 4161 4165 4155 4152 4150 4154 4159 4146 4140 4143 
3 4212 4132 4023 
13 4112 4119 4096 4109 4074 4079 4086 4076 4110 4104 4115 4071 4056 
18 4310 4325 4331 4313 4309 4303 4242 4209 4187 4165 4155 4152 4150 4154 4159 4146 4140 4143 
0 
0 
14 4310 4314 4298 4299 4307 4311 4323 4317 4334 4337 4344 4341 4355 4366 
3 4223 4413 4275 
0 
16 6167 6180 6189 6215 6232 6249 6256 6273 6303 6320 6335 6348 6375 6394 6426 6444 
3 6219 6257 6376 
0 
11 3876 3901 3930 3958 3980 3983 3992 3993 3942 3879 3875 
1 4024 
1 3994 
14 5597 5567 5541 5520 5500 5489 5457 5434 5422 5399 5359 5323 5290 5269 
3 5528 5481 5446 
3 5490 5438 5510 
12 4313 4331 4325 4310 4453 4570 4647 4700 4740 4791 4810 4840 
2 4539 4680 
2 4701 4567 
11 4303 4309 4313 4290 4269 4252 4164 4082 4053 3961 3875 
1 4103 
1 4081 
13 5884 5899 5923 5946 5982 5989 5998 6025 6047 6091 6130 6148 6167 
3 6006 6050 6202 
0 
16 4005 3987 3977 3956 3931 3900 3868 3846 3819 3774 3725 3669 3631 3621 3612 3617 
9 3943 3863 3865 3818 3746 3637 3982 4091 4061 
12 4017 4026 3886 3609 4013 4044 3735 4027 3809 3909 3965 4040 
7 4005 4004 4003 3996 3974 3916 3876 
1 4045 
1 4016 
10 4335 4332 4340 4346 4305 4255 4219 4198 4169 4143 
3 4393 4185 4478 
5 4363 4199 4430 4500 4496 
7 4335 4318 4303 4242 4209 4187 4165 
0 
0 
9 5841 5792 5748 5726 5699 5668 5644 5619 5597 
2 5653 5569 
0 
22 6313 6297 6288 6261 6247 6251 6259 6266 6310 6339 6377 6418 6429 6443 6457 6464 6473 6479 6474 6471 6468 6459 
15 6289 6336 6342 6400 6437 6447 6446 6462 6416 6321 6374 6309 6424 6420 6432 
26 6323 6307 6463 6413 6433 6389 6300 6315 6353 6338 6311 6343 6358 6410 6460 6419 6417 6264 6260 6228 6287 6363 6246 6327 6384 6347 
18 4255 4305 4346 4451 4543 4666 4764 4797 4816 4835 4842 4849 4870 4896 4927 4973 5000 5019 
15 4795 4951 4907 5012 5001 4731 4554 4910 5006 5007 4838 4913 4921 4830 4993 
36 4955 4966 4946 4960 4972 4888 4954 4750 4980 4832 4931 4778 4997 4941 4988 4919 4984 4772 4770 4769 4766 4798 4667 4512 4971 4932 4546 4942 4950 4533 4536 4792 4974 5036 4767 4976 
18 5269 5291 5309 5342 5398 5417 5428 5424 5427 5448 5506 5542 5566 5595 5632 5672 5687 5716 
6 5202 5482 5498 5621 5690 5581 
6 5281 5607 5361 5682 5437 5534 
9 6042 6031 6019 5943 5884 5876 5872 5862 5841 
3 6014 6023 5824 
3 6022 6016 5855 
15 6042 6061 6087 6092 6095 6100 6110 6117 6126 6135 6143 6151 6158 6164 6167 
12 6124 6058 6142 6069 6157 6089 6165 6097 6173 6113 6183 6133 
12 6146 6147 6129 6112 6132 6098 6099 6090 6116 6168 6159 6070 
12 4791 4810 4840 4905 4978 5029 5096 5130 5252 5353 5391 5427 
2 5143 5344 
2 5360 5137 
21 4286 4389 4471 4511 4545 4587 4661 4691 4720 4764 4797 4816 4835 4842 4849 4870 4896 4927 4973 5000 5019 
8 4508 4715 5052 4246 4137 4585 4398 4493 
19 4050 4282 4586 4448 4557 4476 4359 4699 4507 4041 4251 4032 4036 4039 4031 4029 4368 4291 4330 
11 4978 4905 4840 4846 4855 4900 4963 4996 5022 5026 5024 
2 5089 5123 
2 5066 5021 
18 4978 4975 4958 4943 4872 4805 4780 4754 4736 4692 4654 4627 4601 4558 4517 4504 4436 4366 
12 4953 4738 4865 4747 4640 4683 4634 4509 4472 4479 4745 5032 
8 4823 4659 4956 4762 4610 4796 4515 4648 
18 5398 5342 5309 5291 5269 5247 5198 5161 5106 5054 5003 4827 4746 4668 4562 4549 4530 4521 
6 5177 4994 4730 4751 4520 4591 
6 4748 4577 5044 4553 5178 4741 
19 5769 5799 5845 5871 5912 5962 5985 6012 6028 6052 6080 6104 6125 6161 6182 6216 6240 6252 6266 
5 6026 6018 6123 6111 6241 
8 6067 6086 6181 6120 6244 6015 5870 6011 
12 5962 5912 5871 5845 5799 5769 5783 5796 5807 5821 5830 5841 
3 5873 5774 5881 
2 5784 5834 
11 6266 6259 6251 6247 6237 6223 6211 6179 6139 6085 6042 
3 6188 6134 6238 
2 6144 6205 
17 5024 5047 5068 5085 5099 5100 5115 5129 5136 5148 5150 5156 5162 5175 5183 5195 5213 
8 5192 5228 5255 5074 5275 5091 5305 4924 
11 4875 5027 4929 5165 5118 5220 5135 5197 5102 5241 5133 
20 5427 5424 5428 5417 5398 5440 5493 5504 5546 5575 5588 5601 5622 5643 5666 5693 5718 5736 5753 5769 
5 5319 5484 5563 5712 5756 
4 5578 5729 5697 5499 
8 5068 5047 5024 5010 4904 4806 4793 4791 
1 5152 
0 
19 5924 5937 5957 5967 5965 5962 5985 6012 6028 6052 6080 6104 6125 6161 6182 6216 6240 6252 6266 
3 6009 6051 6177 
2 5914 5983 
17 4545 4615 4687 4698 4716 4742 4774 4789 4804 4817 4841 4858 4878 4902 4928 4977 5019 
6 4839 4759 4876 4915 4819 4969 
8 4781 4679 4848 4939 4703 4894 4820 4856 
13 4545 4511 4471 4389 4286 4276 4279 4280 4267 4271 4264 4254 4255 
3 4492 4404 4221 
1 4403 
8 4764 4666 4543 4451 4346 4340 4332 4335 
7 4548 4519 4678 4590 4446 4682 4635 
1 4593 
15 6008 5978 5948 5934 5924 5907 5897 5896 5887 5868 5854 5808 5767 5745 5716 
6 5880 5867 5828 5758 6088 5842 
11 6073 5892 5861 5844 6030 6054 6094 5761 6065 5863 5951 
7 5979 5992 6008 5978 5948 5934 5924 
4 5976 5915 5935 5994 
6 5960 5941 5995 6001 5991 6010 
7 6282 6292 6302 6294 6286 6279 6266 
4 6346 6354 6267 6295 
7 6250 6245 6262 6329 6318 6263 6280 
13 6056 6053 6064 6076 6093 6108 6150 6172 6193 6213 6235 6269 6282 
7 6049 6175 6222 6200 6141 6178 6229 
14 6210 6214 6082 6137 6174 6217 6176 6187 6106 6236 6101 6063 6186 6242 
10 4716 4698 4687 4615 4545 4587 4661 4691 4720 4764 
3 4582 4681 4708 
0 
7 5458 5425 5364 5335 5316 5260 5213 
4 5473 5351 5494 5426 
8 5347 5464 5381 5392 5301 5246 5262 5292 
7 6427 6436 6440 6442 6449 6455 6459 
4 6425 6461 6439 6397 
5 6431 6478 6438 6453 6441 
16 5882 5877 5875 5859 5839 5826 5805 5813 5819 5832 5846 5811 5775 5766 5749 5738 
4 5850 5786 5787 5810 
5 5728 5798 5814 5849 5778 
17 5034 5056 5084 5092 5105 5113 5120 5145 5166 5186 5199 5218 5236 5280 5331 5334 5336 
8 5025 5271 5134 5182 5300 5345 5318 5401 
24 5176 5147 5116 5060 5169 5158 5326 5308 5340 5375 5387 5263 5288 5365 5287 5140 5094 5217 5329 5244 5356 5171 5055 5373 
11 5875 5877 5882 5856 5833 5816 5795 5777 5763 5742 5716 
5 5843 5785 5765 5818 5670 
3 5838 5801 5760 
7 6072 6075 6081 6066 6057 6055 6056 
3 6078 6127 6032 
3 6071 6043 6096 
13 5839 5859 5875 5877 5882 5903 5922 5955 5999 6035 6072 6109 6149 
5 5919 5986 6020 6160 6194 
4 5997 5921 6153 6005 
9 5738 5679 5640 5616 5596 5587 5577 5517 5458 
3 5703 5591 5603 
2 5652 5585 
12 5331 5280 5236 5212 5190 5157 5119 5097 5073 5058 5039 5019 
3 5061 5146 5098 
4 5219 5117 5082 5077 
7 5594 5615 5633 5654 5675 5708 5738 
4 5560 5574 5704 5533 
5 5554 5572 5707 5600 5573 
19 5112 5045 4995 5015 5034 5056 5084 5092 5105 5113 5120 5145 5166 5186 5199 5218 5236 5280 5331 
5 5064 5101 4967 4707 4814 
6 4672 4889 5050 4643 4638 4809 
19 6387 6369 6340 6337 6341 6352 6357 6362 6368 6378 6383 6388 6392 6396 6403 6408 6414 6423 6427 
13 6367 6371 6328 6406 6330 6405 6373 6421 6428 6390 6411 6398 6435 
14 6415 6372 6382 6422 6395 6356 6407 6404 6401 6409 6349 6365 6385 6399 
7 6038 6024 6013 5980 5940 5910 5875 
2 5988 5930 
2 6004 5931 
17 6038 6068 6115 6122 6136 6149 6171 6203 6221 6225 6230 6254 6276 6296 6317 6326 6337 
6 6208 6204 6226 6271 6277 6298 
6 6308 6220 6275 6231 6166 6278 
13 5759 5754 5751 5752 5743 5720 5676 5661 5649 5636 5613 5605 5594 
6 5651 5618 5589 5669 5780 5852 
14 5770 5820 5791 5602 5724 5747 5740 5722 5710 5806 5772 5809 5663 5639 
17 5635 5412 5112 5045 4995 4925 4871 4776 4716 4698 4687 4615 4545 4511 4471 4389 4286 
2 4834 4862 
2 4859 4895 
14 6017 6021 6027 6039 6059 6029 5987 5958 5929 5913 5890 5853 5789 5755 
10 6037 5950 5886 5939 5918 5969 5837 5891 5996 5865 
21 6002 5895 5925 5942 5972 5869 5945 5928 5932 5879 5977 5848 5975 5984 5953 5900 5904 5993 6034 5911 5874 
9 6255 6239 6224 6207 6191 6155 6105 6083 6059 
10 6227 6243 6212 6154 6312 6285 6258 6370 6324 6332 
19 6379 6360 6305 6334 6272 6234 6345 6233 6331 6274 6306 6281 6361 6299 6351 6319 6364 6119 6198 
11 6224 6206 6190 6169 6140 6121 6107 6084 6060 6046 6038 
5 6152 6131 6040 6128 6077 
6 6074 6114 6079 6045 6185 6118 
12 6224 6239 6255 6270 6283 6284 6293 6301 6325 6344 6366 6387 
4 6322 6333 6248 6359 
4 6268 6316 6350 6304 
14 5755 5746 5681 5635 5625 5611 5568 5530 5461 5407 5396 5379 5350 5331 
1 5529 
1 5536 
9 5755 5696 5637 5456 5268 5254 5235 5224 5213 
2 5160 5474 
10 5454 5466 5586 5289 5388 5503 5624 5638 5642 5207 
18 6059 6039 6027 6021 6017 6003 5971 5952 5936 5908 5898 5883 5866 5835 5812 5781 5757 5752 
4 5974 5917 5831 5827 
4 5851 5822 5906 5973 
