33 16 29 55 72 94 134 167 203 237 284 368 410 431 462 472 486 496 508 528 547 553 572 599 617 630 638 651 657 677 663 654 625 603 
23 12 26 56 60 228 221 424 430 492 487 514 518 529 569 662 586 728 621 711 722 563 541 129 
25 170 671 478 90 102 509 641 618 109 619 543 53 107 591 620 30 458 57 232 637 691 510 680 413 483 

36 4 7 11 14 20 25 33 47 62 77 103 120 153 218 268 349 388 407 460 506 534 564 577 597 623 656 742 789 830 883 955 1011 1062 1095 1132 1211 
25 8 18 22 44 42 137 219 210 290 332 337 473 568 771 803 850 930 1247 1218 1278 1047 959 1192 674 126 
53 24 945 243 17 809 310 607 490 49 86 873 45 360 1 1106 10 79 1154 91 1145 501 1556 790 1147 570 420 409 890 121 647 808 635 224 1150 1209 644 209 1657 92 6 594 627 601 1361 1188 364 1007 1026 1155 793 592 353 13 

17 35 41 50 61 75 96 111 130 150 162 172 205 240 260 288 315 338 
9 28 82 98 63 199 148 314 293 36 
11 152 27 106 76 51 327 136 34 165 294 73 

21 306 296 266 240 214 179 145 115 85 58 66 89 95 110 127 146 159 171 196 229 251 
11 348 248 317 204 132 99 117 149 211 225 270 
5 108 124 302 292 187 

17 404 403 398 395 394 385 379 377 372 362 344 333 324 299 275 267 256 
8 376 361 444 412 350 316 255 309 
10 271 236 393 257 406 384 331 402 367 400 

27 19 23 31 32 38 43 58 66 89 95 110 127 146 159 171 196 229 251 286 334 354 371 408 426 456 491 504 
6 67 459 101 128 59 39 
18 252 84 197 46 40 100 64 435 80 122 157 52 54 105 119 48 250 112 

29 336 320 304 274 253 239 222 189 161 193 235 247 281 273 279 261 249 227 186 195 198 192 194 181 175 174 169 166 168 
21 343 321 287 278 242 246 176 326 339 322 280 241 238 226 151 202 135 138 307 156 264 
16 208 258 311 277 341 133 272 254 295 123 244 141 298 230 269 346 

25 281 273 279 261 249 227 186 195 198 192 194 181 175 174 169 166 168 183 201 215 223 233 231 220 216 
7 138 158 234 184 182 144 276 
20 164 213 163 185 190 291 155 116 191 300 297 180 303 262 207 200 206 301 217 259 

17 97 78 68 70 65 69 74 83 81 118 147 177 263 328 347 335 323 
5 143 114 125 140 283 
7 87 88 113 173 104 356 312 

8 550 515 476 437 417 397 390 381 
11 515 550 476 494 437 452 417 513 365 427 525 
13 441 448 468 436 419 373 446 469 493 439 440 358 416 

21 820 768 709 699 685 679 670 676 667 675 668 678 669 672 706 730 754 810 847 848 826 
13 658 632 726 581 719 724 723 740 739 807 811 792 777 
23 683 588 517 703 463 690 687 480 650 734 585 798 500 539 575 499 387 526 702 804 689 688 520 

23 937 929 927 925 921 919 916 912 909 904 899 942 968 970 969 971 978 973 977 974 979 976 987 
14 952 891 881 950 879 946 1018 1020 1025 1027 1021 954 878 1044 
18 990 913 1036 876 985 1108 988 1110 965 1109 923 1041 1070 1142 1002 880 920 905 

20 1117 1143 1165 1175 1182 1178 1174 1167 1168 1159 1148 1135 1115 1078 1065 1049 1031 1006 962 940 
13 1143 1085 1074 1133 1272 1104 1176 1067 989 903 1134 1137 1256 
18 998 1144 1194 932 1071 1103 1105 1116 1163 1179 1164 1160 1183 1180 1181 926 1193 1158 

18 715 737 751 764 776 794 806 835 861 885 902 910 924 948 981 1028 1055 1076 
13 694 785 731 853 859 991 983 1061 1051 895 860 786 779 
13 941 713 1057 951 816 756 1054 957 993 866 758 963 712 

26 318 352 382 414 428 455 475 481 488 495 507 522 532 545 557 579 602 648 701 733 757 763 774 787 802 815 
13 329 380 438 471 484 512 565 552 598 710 775 840 375 
13 605 561 482 838 782 505 383 531 818 432 319 497 556 

48 168 188 245 285 308 325 340 351 357 363 374 386 411 421 433 447 464 477 498 519 535 549 562 576 610 640 661 701 733 757 759 762 745 714 727 743 760 778 801 817 854 887 900 934 972 1037 1066 1096 
31 265 345 305 342 399 366 405 474 502 453 503 612 695 857 721 788 755 796 914 908 1024 1112 870 454 894 415 966 846 391 852 986 
42 875 783 359 851 313 485 856 813 655 530 849 858 871 882 732 886 369 418 863 589 931 869 330 392 511 396 1097 160 872 769 449 389 1034 936 282 401 470 355 1136 772 704 378 

26 521 533 546 574 613 596 582 571 566 559 555 548 542 523 504 489 465 461 451 445 434 423 425 450 527 595 
16 537 551 634 622 666 573 516 429 479 422 450 527 538 614 693 646 
20 560 580 642 536 590 615 466 583 524 457 540 611 442 682 629 616 645 587 567 636 

20 604 628 652 664 697 717 744 773 814 805 784 770 761 749 735 716 696 673 653 631 
16 608 609 649 736 659 767 747 718 700 660 639 844 867 725 821 753 
24 831 843 708 741 698 827 836 681 738 746 825 600 606 707 686 633 692 765 705 665 839 750 834 766 

20 780 797 812 828 845 864 874 884 862 842 865 889 911 943 960 994 1017 1040 1063 1089 
15 781 791 841 877 892 833 896 918 953 1005 1016 1081 944 901 823 
21 819 829 928 837 868 933 922 824 915 1093 1039 832 897 958 855 799 947 822 893 888 996 

23 917 938 964 1000 1023 1042 1043 1045 1053 1058 1068 1079 1087 1099 1111 1121 1122 1127 1138 1152 1169 1203 1230 
16 907 1001 1033 1056 1118 1153 1161 1214 1125 1223 1248 1245 984 1126 999 935 
32 1098 1124 1264 1267 1157 1240 1199 949 1107 1204 1050 1008 1004 1195 1146 1088 967 898 1171 1029 1210 906 1139 1228 1072 1185 1019 1200 1140 1196 1060 1046 

23 1260 1249 1246 1241 1233 1257 1286 1296 1306 1336 1374 1391 1417 1436 1446 1467 1490 1513 1536 1570 1595 1616 1643 
22 1310 1281 1172 1288 1323 1385 1432 1378 1497 1466 1567 1549 1645 1673 1635 1428 1706 1173 1255 1784 1563 1739 
32 1533 1668 1271 1474 1463 1284 1229 1548 1716 1226 1262 1688 1496 1646 1640 1486 1250 1609 1712 1386 1222 1478 1672 1730 1696 1217 1225 1734 1742 1485 1494 1721 

21 1650 1638 1629 1613 1599 1583 1573 1555 1545 1522 1505 1480 1455 1438 1409 1384 1357 1343 1330 1303 1290 
18 1677 1574 1641 1516 1527 1627 1586 1481 1435 1396 1351 1312 1686 1102 1346 1273 1483 1151 
19 1656 1589 1550 1566 1592 1461 1332 1540 1623 1413 1358 1258 1562 1604 1254 1279 1236 1292 1531 

23 1473 1495 1517 1543 1568 1600 1631 1639 1651 1679 1697 1709 1727 1754 1788 1842 1887 1892 1922 2039 2109 2161 2251 
20 1502 1520 1594 1575 1658 1630 1678 1750 1705 1840 1752 1812 1922 1854 1994 2087 2161 1655 1758 1869 
14 1576 1775 1796 1559 1476 1841 1633 1691 1647 1878 1726 1539 1729 1392 

11 2251 2229 2194 2159 2138 2096 2072 2046 2021 1989 1959 
10 2163 2244 2183 1993 2058 1958 1885 1936 1908 1967 
14 1929 1976 2145 2026 2090 2031 2176 1925 2214 1961 1973 2011 2272 1964 

43 1793 1827 1852 1868 1888 1905 1927 1946 1962 1971 1980 1998 2016 2040 2062 2081 2106 2146 2179 2196 2218 2242 2279 2287 2310 2328 2357 2385 2408 2458 2481 2532 2582 2600 2627 2657 2694 2734 2776 2797 2846 2865 2887 
31 1762 1944 1810 1891 1938 2076 2000 2166 2071 2256 2270 2187 2295 2393 2365 2482 2659 2601 2648 2693 2818 2930 2806 2932 1743 2906 2057 2030 2003 1843 1928 
40 2125 2621 2025 2831 1860 1988 2633 2391 1919 1969 1926 2375 1764 2228 2743 1948 1783 2045 2845 2098 2200 2014 2914 2872 2010 1972 2315 2205 2801 2785 2783 2478 2713 2001 1977 1877 2685 2891 1861 1844 

27 2113 2148 2173 2195 2219 2230 2245 2278 2314 2333 2360 2386 2425 2456 2485 2513 2539 2566 2593 2638 2687 2773 2815 2854 2875 2904 2933 
21 2135 2067 2207 2284 2281 2174 2339 2344 2437 2380 2518 2503 2591 2579 2643 2741 2852 2902 2942 2897 2432 
19 2260 2405 2710 2226 2589 2528 2122 2673 2105 2822 2955 2238 2448 2880 2186 2976 2931 2995 2936 

20 2450 2477 2507 2542 2524 2605 2706 2754 2795 2843 2867 2874 2885 2900 2915 2939 2958 2972 2996 3043 
15 2345 2395 2578 2727 2617 2858 2847 2909 2856 2962 2938 2959 2918 2987 2968 
34 3117 3014 2881 3061 3028 3055 2986 2964 2993 2929 3189 2869 3010 2943 2988 2697 2714 2861 2921 2899 3036 2922 2733 2948 2923 2812 2705 2884 2796 2946 3012 2969 2917 3038 

21 2525 2463 2389 2347 2247 2171 2107 1986 1847 1780 1800 1837 1853 1835 1813 1765 1718 1698 1653 1610 1578 
17 2544 2411 2084 2006 1886 1881 1836 1794 1745 1676 1577 1547 2157 2487 2336 2162 2330 
30 1728 2403 2235 2088 2201 2529 2191 1554 752 1560 2212 2303 2572 1518 975 1710 2206 1890 2290 2264 2224 2305 2252 1981 1834 1814 2343 1620 593 558 

27 3149 3072 2876 2641 2541 2390 2263 2134 2069 2020 1941 1873 1802 1415 982 800 720 684 624 578 467 370 289 178 71 21 15 
9 3078 2371 2204 1996 748 9 2461 212 1719 
54 2240 1512 1529 729 544 154 5 1660 1667 1820 1342 1642 3 2 3136 1769 1857 1666 1083 3648 3335 1649 0 443 1689 1519 643 795 2394 1506 1755 2444 37 2042 1482 1537 1720 1614 1198 1119 2497 2499 554 2349 93 139 131 142 626 584 1839 1685 1652 1801 

28 3095 3132 3172 3190 3214 3253 3278 3311 3349 3373 3405 3413 3424 3480 3522 3543 3558 3583 3624 3641 3652 3675 3708 3741 3766 3768 3773 3777 
22 3112 3111 3167 3124 3222 3192 3300 3221 3295 3398 3471 3533 3483 3556 3658 3696 3603 3682 3738 3756 3811 3334 
29 3180 3649 3722 3793 3070 3156 3804 3636 3825 3663 3340 3106 3772 3137 3234 3446 3694 3763 3806 3554 3431 3217 3783 3368 3281 3224 3320 3186 3321 

20 3787 3774 3760 3744 3726 3710 3683 3671 3654 3639 3555 3490 3440 3412 3380 3350 3313 3275 3261 3223 
12 3753 3678 3749 3478 3452 3269 3200 3623 3677 3667 3642 3579 
15 3484 3415 3301 3758 3719 3567 3716 3614 3697 3792 3613 3339 3723 3549 3218 

20 3800 3802 3808 3799 3791 3778 3764 3750 3735 3689 3659 3630 3586 3564 3544 3521 3469 3411 3355 3325 
13 3823 3819 3788 3757 3765 3672 3628 3574 3559 3244 3360 3535 3433 
17 3505 3584 3397 3493 3403 3789 3515 3523 3761 3812 3382 3423 3546 3591 3665 3803 3739 

24 3580 3551 3541 3517 3468 3441 3410 3376 3363 3348 3347 3336 3389 3455 3504 3531 3548 3569 3599 3651 3711 3734 3747 3759 
17 3664 3587 3563 3454 3488 3333 3235 3282 3237 3497 3598 3600 3686 3762 3784 3781 3602 
20 3767 3754 3565 3494 3323 3571 3502 3585 3553 3552 3292 3296 3450 3771 3704 3751 3371 3594 3601 3572 

17 3868 3858 3841 3847 3846 3848 3852 3859 3864 3869 3871 3874 3881 3892 3886 3887 3891 
10 3832 3873 3838 3865 3875 3842 3845 3900 3897 3883 
11 3870 3849 3878 3863 3850 3856 3854 3866 3895 3889 3876 

62 4498 4474 4450 4433 4399 4372 4351 4332 4314 4287 4269 4239 4192 4168 4151 4148 4143 4084 4058 4042 4024 4001 3976 3968 3960 3951 3941 3932 3926 3910 3907 3905 3899 3892 3881 3874 3844 3827 3821 3815 3794 3770 3752 3727 3700 3674 3657 3644 3626 3597 3577 3562 3550 3540 3510 3487 3443 3418 3379 3330 3288 3257 
37 4580 4448 4326 4350 4268 4222 4197 4124 4031 4008 4069 3954 3933 3920 3908 3824 3810 3737 3715 3706 3650 3560 3537 3434 3358 3277 3231 4228 3707 3798 3698 4079 4037 3914 4005 3928 3880 
55 3732 4238 3755 4136 4137 4132 4157 3918 3259 3194 3331 4193 4329 3915 3861 3534 3733 4133 3485 4437 4558 3482 4467 3958 3724 3820 3814 4189 3931 4574 3730 3511 3420 3890 4236 3921 4315 4286 3679 4030 3561 3912 3966 4342 4188 4291 4248 3826 3736 4564 3885 3328 4281 3906 3646 

8 4033 4026 4014 4025 4032 4027 4023 4040 
11 4006 3980 3994 4046 4098 3981 4066 3934 3972 3987 4003 
20 4050 4010 3977 4071 4012 4000 4077 4028 3993 3983 3971 3962 3989 4049 4086 3984 4118 3988 3990 4043 

20 3084 3102 3120 3131 3141 3147 3121 3057 3026 3046 3064 3116 3174 3210 3233 3262 3247 3228 3220 3204 
19 3002 3025 3040 3044 3058 3287 2999 3033 2949 3126 3127 3090 3272 3239 3207 3199 3089 3303 3128 
22 3042 3094 3230 2982 3209 3083 3264 3059 3183 3232 3024 3184 3085 3077 3069 3208 3063 3205 3211 3068 3197 3067 

37 2400 2441 2466 2489 2505 2524 2542 2563 2582 2590 2595 2608 2623 2626 2629 2639 2642 2649 2653 2660 2667 2675 2684 2686 2690 2711 2722 2740 2752 2778 2786 2782 2790 2799 2800 2802 2824 
24 2449 2388 2483 2445 2523 2549 2701 2598 2606 2758 2610 2613 2798 2645 2671 2680 2602 2925 2668 2937 2920 2682 2882 2635 
27 2737 2839 2775 2376 2557 2594 2735 2927 2451 2707 2588 2430 2401 2656 2637 2928 2650 2860 2945 2926 2663 2683 2619 2691 2634 2870 2366 

13 3009 3011 3007 3091 3202 3198 3195 3196 3191 3188 3185 3082 3015 
12 3048 3134 3324 3258 3110 3263 3103 3096 3000 3021 3065 3013 
12 3017 3081 3133 3177 3168 3170 3053 3216 3022 3006 3255 3212 

12 2838 2898 2951 2977 3015 3082 3185 3241 3285 3341 3426 3525 
8 2886 2947 3256 3265 3299 3370 3385 2716 
17 2823 3279 3227 2816 3291 2792 3364 2750 3408 3008 3076 2842 3016 2883 2828 3175 2952 

24 3472 3475 3481 3477 3476 3473 3474 3486 3495 3507 3514 3520 3516 3525 3595 3631 3627 3633 3622 3629 3621 3625 3616 3620 
27 3539 3399 3395 3545 3547 3409 3542 3351 3414 3369 3406 3435 3437 3402 3401 3576 3573 3578 3568 3566 3297 3432 3290 3304 3298 3393 3356 
35 3345 3606 3721 3498 3615 3470 3610 3607 3459 3528 3458 3329 3374 3465 3457 3461 3619 3508 3428 3609 3779 3512 3444 3453 3316 3717 3322 3492 3503 3318 3513 3608 3456 3438 3344 

22 3713 3714 3703 3712 3702 3709 3701 3705 3695 3699 3688 3690 3691 3681 3673 3656 3638 3634 3612 3605 3604 3597 
10 3666 3662 3661 3660 3655 3653 3618 3593 3575 3617 
14 3669 3684 3635 3592 3687 3685 3680 3785 3822 3589 3692 3596 3676 3590 

24 2306 2288 2217 2165 2108 2060 2083 2115 2169 2243 2277 2311 2348 2374 2392 2413 2428 2438 2447 2457 2472 2479 2495 2511 
18 2346 2136 2239 2149 2215 2269 2331 2453 2370 2510 2433 2574 2460 2546 2553 2551 2412 2494 
20 2514 2455 2556 2032 2535 2484 2406 2474 2427 2153 2285 2250 2429 2560 2177 2175 2520 2317 2473 2126 

12 2354 2301 2307 2319 2341 2358 2325 2291 2202 2097 2094 2080 
7 2480 2304 2409 2293 2199 2004 2209 
5 2128 2294 2120 2041 2334 

54 2674 2599 2536 2493 2397 2358 2325 2291 2202 2097 2070 2036 1978 1911 1875 1848 1822 1789 1751 1701 1670 1654 1625 1593 1571 1544 1514 1489 1456 1411 1372 1339 1319 1300 1285 1237 1206 1131 1075 1048 1022 1015 1014 1013 1003 997 995 980 1010 1035 1064 1091 1090 1092 
40 2688 2661 2577 2522 2496 2050 1940 1889 1779 1760 1714 1675 1644 1674 1582 1491 1487 1404 1403 1338 1328 1080 1086 939 1069 956 1009 1052 1123 1059 1129 1475 1546 1424 2517 1737 2587 2061 1410 1457 
42 1101 1504 1393 1704 961 2670 2607 1515 1032 1798 1694 1492 992 1038 1906 1094 1484 2543 2531 2116 1077 1523 1073 1341 1534 2292 1337 2111 2677 1084 1671 1427 1590 1100 1915 2102 1030 1012 2037 1509 1664 1778 

19 2358 2356 2312 2262 2265 2280 2322 2378 2422 2462 2491 2492 2475 2434 2414 2420 2426 2416 2423 
10 2193 2261 2192 2440 2383 2564 2530 2283 2506 2410 
7 2399 2419 2253 2502 2436 2469 2424 

28 1219 1215 1232 1261 1263 1259 1253 1239 1227 1221 1212 1208 1206 1237 1285 1300 1302 1309 1308 1314 1318 1325 1321 1326 1352 1400 1434 1460 
16 1184 1162 1205 1291 1166 1268 1156 1252 1340 1283 1345 1353 1445 1454 1269 1242 
21 1220 1251 1207 1270 1216 1324 1274 1293 1201 1287 1334 1282 1327 1276 1202 1234 1224 1266 1280 1322 1304 

11 1329 1348 1362 1388 1420 1443 1469 1488 1508 1530 1581 
6 1294 1333 1359 1437 1471 1538 
7 1331 1479 1462 1510 1364 1423 1313 

25 1588 1598 1605 1608 1612 1619 1621 1617 1603 1581 1572 1532 1521 1511 1501 1450 1395 1370 1301 1275 1243 1213 1177 1141 1113 
13 1535 1636 1552 1663 1648 1557 1360 1289 1244 1231 1149 1114 1130 
14 1128 1369 1622 1565 1189 1277 1597 1082 1265 1170 1628 1601 1580 1120 

20 1349 1376 1377 1381 1383 1387 1395 1450 1501 1493 1477 1472 1459 1452 1421 1366 1335 1347 1373 1368 
9 1299 1344 1354 1525 1426 1389 1355 1371 1305 
4 1367 1375 1382 1379 

23 1477 1472 1459 1452 1451 1448 1444 1440 1431 1430 1425 1416 1406 1408 1405 1402 1399 1397 1350 1311 1316 1315 1320 
17 1525 1426 1500 1419 1407 1553 1380 1365 1363 1356 1441 1503 1295 1298 1238 1564 1624 
19 1307 1197 1398 1442 1191 1190 1414 1422 1297 1187 1317 1591 1541 1569 1561 1235 1449 1186 1465 

20 1464 1429 1405 1402 1399 1397 1401 1433 1453 1468 1499 1526 1611 1707 1738 1757 1815 1850 1876 1920 
9 1542 1447 1584 1711 1859 1943 1953 1746 1821 
13 1418 1741 1770 1524 1390 1458 1412 1439 1774 1394 1795 1782 1851 

40 1708 1699 1690 1695 1715 1732 1733 1735 1744 1767 1776 1790 1799 1804 1811 1817 1824 1771 1723 1703 1687 1665 1618 1581 1572 1532 1521 1511 1501 1493 1477 1498 1507 1558 1585 1602 1615 1637 1669 1682 
19 1659 1551 1763 1713 1816 1661 1748 1753 1825 1683 1693 1632 1626 1587 1700 1634 1995 1681 1896 
22 1692 1724 1680 1717 1966 1607 1606 1805 1937 1951 1942 1772 1596 1579 1662 1731 1684 1470 1791 1528 1702 1777 

20 1855 1867 1883 1898 1904 1913 1916 1918 1923 1930 1932 1939 1952 1968 1984 1997 1990 1982 1947 1917 
16 1931 1797 1950 1864 1957 2008 1846 2007 1933 1991 1874 1909 2015 2065 1808 1987 
29 1879 1781 1960 1912 1756 1870 1934 1935 1979 1975 1921 2019 2022 1907 1809 1985 1803 1845 1823 1829 1945 2028 1983 1785 1856 1863 2002 1954 1924 

26 2012 2054 2047 2049 2052 2055 2063 2073 2086 2103 2132 2152 2178 2223 2234 2241 2249 2258 2233 2197 2164 2141 2123 2093 2075 2056 
17 1970 2027 2054 2095 2198 2064 2180 2119 2308 2154 2268 2172 2112 2104 2034 2051 2133 
18 2013 2033 2231 2246 2155 1999 2092 2189 2074 2221 2144 2023 2100 2035 2139 2053 2142 2024 

26 1749 1768 1786 1806 1818 1833 1848 1862 1884 1893 1900 1902 1897 1901 1894 1895 1882 1872 1865 1858 1849 1838 1828 1819 1766 1723 
11 1787 1722 1759 1831 1956 1974 1949 1914 1747 1880 1740 
14 1830 1910 1866 1899 1826 1871 1832 1761 1773 1807 1736 1725 1903 1792 

19 2545 2488 2423 2415 2410 2276 2266 2267 2232 2184 2143 2082 2089 2078 2079 2043 2017 1965 1901 
11 2558 2583 2276 2470 2271 2143 2082 2089 2085 2029 2009 
8 2554 2548 2018 2077 2296 2124 2210 2259 

9 2147 2160 2156 2168 2227 2273 2324 2373 2402 
6 2220 2236 2275 2066 2337 1992 
6 2298 1963 1955 2129 2188 2185 

44 2258 2297 2338 2369 2407 2465 2516 2538 2575 2620 2597 2576 2562 2547 2537 2526 2519 2515 2498 2471 2468 2446 2439 2418 2398 2387 2367 2362 2355 2352 2335 2327 2309 2289 2254 2222 2216 2203 2182 2150 2151 2137 2091 2059 
40 2361 2364 2504 2618 2636 2565 2568 2459 2570 2443 2381 2501 2320 2452 2377 2313 2431 2213 2318 2372 2257 2321 2274 2211 2248 2140 2158 2114 2118 2005 2038 2131 2099 2044 2282 2101 2237 2302 2181 2167 
24 2404 2624 2048 2190 2225 2527 2421 2350 2384 2550 2454 2586 2664 2534 2286 2068 2326 2573 2521 2351 2299 2342 2130 2121 

28 2379 2359 2353 2340 2332 2329 2323 2316 2382 2464 2500 2611 2709 2720 2721 2723 2725 2726 2728 2729 2732 2736 2739 2672 2616 2581 2571 2561 
31 2417 2435 2396 2509 2442 2255 2476 2580 2652 2817 2625 2665 2614 2841 2628 2849 2552 2555 2512 2490 2170 2533 2975 2569 2957 2908 2647 2911 2540 2508 3037 
20 2300 2117 2777 2208 2127 2567 2696 2704 2363 2781 2368 2467 2702 2699 2559 2703 2110 2763 2585 2746 

13 2814 2857 2888 2919 2950 2971 3001 3023 3052 3079 3118 3143 3187 
10 2827 2913 2989 3035 3142 3178 3283 3109 3066 2983 
12 2894 3181 2821 2769 3159 2712 3034 3105 3108 2956 3201 3047 

19 3148 3176 3203 3229 3266 3294 3338 3362 3365 3367 3387 3404 3430 3466 3445 3375 3310 3271 3245 
16 3173 3219 3289 3536 3286 3270 3463 3377 3354 3332 3243 3161 3215 3293 3104 3582 
16 3378 3372 3226 3421 3315 3570 3532 3206 3254 3343 3151 3267 3588 3581 3357 3427 

26 3251 3248 3240 3250 3252 3179 3100 3107 3125 3138 3153 3145 3155 3146 3154 3144 3157 3150 3162 3163 3115 3074 3041 3004 2953 2901 
10 3152 3276 3140 3193 3071 3097 3092 2997 2910 3003 
6 3075 3005 3225 3045 3129 2992 

15 2724 2789 2826 2893 2963 3027 3100 3179 3252 3280 3319 3359 3394 3429 3501 
9 2678 2850 2853 2994 2965 3361 3337 3407 3049 
9 3400 3171 3260 2890 3392 2960 2837 2967 3326 

32 2745 2756 2757 2762 2760 2768 2764 2771 2770 2774 2789 2724 2738 2753 2749 2765 2759 2767 2772 2787 2784 2780 2794 2807 2810 2813 2832 2825 2819 2829 2830 2835 
28 2651 2681 2700 2731 2742 2873 2803 2612 2811 2708 2689 2855 2878 2695 2970 2747 2862 2748 2654 2486 2596 2646 2609 2603 2622 2604 2592 2615 
33 2840 2631 2779 2715 2698 2788 2662 2751 2676 2755 2744 2632 2658 2679 2719 2766 2804 2644 2655 2805 2630 2640 2584 2761 2793 2669 2718 2791 2666 2844 2809 2717 2848 

13 2757 2836 2905 2978 3062 3182 3251 3274 3314 3384 3448 3464 3467 
10 2859 2889 2991 3099 3166 3284 3342 3366 3396 2979 
12 2730 3308 2998 3436 3451 3160 3317 3060 2896 2851 3388 3249 

23 2863 2877 2924 2980 3032 3056 3087 3122 3146 3154 3144 3157 3150 3162 3163 3242 3307 3353 3383 3417 3449 3489 3526 
15 2866 2961 2935 2895 2916 3018 3029 3080 3093 3302 3346 3425 3020 2981 3098 
23 3088 3054 2864 2907 2903 3530 3527 3381 3139 2966 3123 2820 2941 3031 3309 2940 3086 3030 2974 3158 3130 3164 3447 

21 2833 2868 2912 2954 2985 3019 3050 3073 3114 3135 3169 3213 3236 3268 3306 3352 3386 3416 3442 3479 3524 
14 2692 2879 2934 2892 2944 2973 3039 3119 3101 3246 3273 3419 3422 2990 
12 2808 3113 3305 3391 2871 3529 2834 3238 2984 3051 3439 3165 

27 3519 3518 3499 3509 3500 3506 3501 3538 3557 3693 3795 3807 3816 3828 3835 3853 3884 3903 3851 3782 3748 3745 3743 3728 3668 3725 3718 
11 3327 3312 3390 3637 3790 3645 3647 3643 3611 3670 3797 
18 3496 3801 3805 3817 3829 3491 3729 3632 3780 3776 3775 3720 3740 3462 3742 3813 3796 3460 

19 3930 3936 3942 3944 3929 3893 3949 3924 3927 3917 3911 3913 3922 3938 3946 3937 3904 3879 3867 
20 3936 3952 3893 3998 3894 3911 3986 3925 3855 3836 3882 3834 3896 3939 4022 3940 3973 3982 3640 3833 
33 3902 3830 3909 3831 3839 3843 3947 3786 3769 3945 3818 3862 4015 3948 3964 3872 3923 3916 3935 3979 3957 3956 3950 3857 3746 3898 3901 3888 3877 3837 3860 3919 3955 

18 4007 3999 3996 3985 3969 3959 3946 3970 3997 4055 4149 4177 4226 4204 4181 4144 4109 4011 
9 4035 4018 4034 3992 4199 4258 4123 4231 4150 
4 4194 3943 4116 4002 

25 4007 4019 4036 4052 4073 4100 4127 4165 4211 4235 4255 4264 4282 4297 4318 4328 4345 4353 4361 4373 4384 4394 4405 4442 4487 
12 4119 4088 4158 4249 4232 4307 4299 4346 4289 4391 4313 4427 
15 4352 4227 4041 4288 4263 4543 4251 4085 4075 4325 4412 4013 4139 4367 4320 

27 4053 4062 4067 4076 4082 4095 4106 4131 4161 4152 4130 4110 4081 4064 4047 4021 3997 4055 4149 4177 4226 4257 4306 4358 4403 4418 4428 
26 4068 4038 4048 4108 4059 4126 4078 4115 4135 4121 4057 4039 4065 4335 4284 4426 4462 4260 4354 4429 4395 4452 4388 4172 4090 4195 
30 4430 4164 4185 4398 4070 4056 3991 4093 4125 4406 4304 4113 4044 4045 4101 4283 4440 4202 4208 4376 4424 4371 4301 4316 4383 4310 4096 4061 3975 3967 

33 4159 4160 4166 4171 4174 4178 4184 4223 4237 4250 4267 4322 4366 4387 4409 4445 4510 4579 4578 4577 4576 4572 4575 4570 4573 4568 4571 4569 4567 4566 4561 4557 4555 
21 4134 4187 4141 4224 4259 4262 4349 4389 4457 4420 4546 4483 4482 4486 4455 4415 4155 4401 4411 4169 4410 
28 4447 4488 4443 4431 4565 4368 4563 4190 4364 4562 4444 4162 4146 4500 4265 4153 4434 4438 4456 4180 4479 4173 4559 4266 4233 4425 4436 4170 

27 4535 4534 4520 4526 4523 4521 4518 4516 4519 4506 4512 4502 4515 4508 4525 4528 4517 4531 4537 4538 4542 4548 4547 4553 4549 4545 4540 
16 4471 4475 4464 4470 4473 4468 4472 4458 4454 4459 4476 4480 4477 4478 4481 4432 
14 4490 4504 4495 4494 4489 4497 4501 4493 4507 4509 4446 4551 4499 4492 

23 4347 4378 4380 4369 4362 4348 4334 4311 4285 4272 4261 4278 4296 4309 4317 4337 4360 4379 4392 4402 4421 4461 4508 
13 4404 4377 4339 4359 4302 4327 4340 4331 4355 4414 4422 4273 4234 
15 4365 4390 4386 4343 4356 4290 4357 4321 4246 4256 4243 4241 4423 4419 4305 

24 4105 4107 4111 4102 4103 4097 4094 4112 4120 4163 4214 4247 4276 4308 4333 4370 4397 4449 4556 4554 4544 4533 4460 4417 
14 4229 4203 4182 4176 4186 4216 4270 4393 4463 4408 4375 4407 4274 4293 
22 4212 4147 4413 4128 3963 4338 4089 4029 4122 4336 4319 4215 4466 4400 4396 4341 4275 4416 4539 4099 4117 4330 

28 4381 4344 4298 4271 4253 4240 4218 4183 4156 4104 4063 4020 3995 4004 4017 4051 4083 4114 4142 4167 4205 4206 4207 4209 4201 4200 4196 4191 
17 4382 4312 4277 4244 4210 4140 4009 4060 4072 4145 4254 4245 4242 4230 4225 4054 4129 
22 4175 4087 4198 3978 4091 4252 4220 4295 4217 4016 4154 4213 4221 4074 4300 4092 3965 3961 3974 4138 4219 4080 

21 4294 4303 4323 4363 4435 4513 4505 4522 4511 4527 4514 4529 4503 4532 4524 4530 4541 4536 4552 4550 4556 
9 4279 4451 4374 4469 4465 4385 4453 4292 4324 
13 4491 4439 3809 4484 4496 3731 3840 4441 4560 3953 4280 4179 4485 

