20 101 200 280 248 215 193 249 301 324 350 375 386 422 468 477 506 529 543 605 681 
15 238 359 461 593 186 89 48 257 111 182 152 142 104 79 81 
36 59 482 38 515 165 311 62 413 222 188 87 577 204 114 127 113 149 135 212 228 160 138 112 300 100 161 109 262 302 356 330 72 136 31 122 132 
7 193 215 248 280 200 101 43 
23 272 329 339 391 96 166 134 370 454 492 448 493 281 52 426 316 355 412 336 24 383 307 528 
29 401 372 453 460 420 68 308 390 40 348 11 10 39 251 421 369 347 384 296 315 365 404 16 388 331 449 470 443 497 
15 98 124 146 174 195 226 221 247 256 275 298 317 340 353 367 
11 130 211 220 225 309 282 17 83 105 34 21 
23 181 253 318 201 0 61 284 263 35 306 297 245 361 80 153 54 67 93 76 216 3 53 45 
11 698 674 637 600 561 532 519 525 547 588 652 
8 606 694 513 664 559 613 505 536 
10 640 628 661 534 584 632 567 578 563 583 
17 335 352 380 423 498 554 540 509 476 452 531 611 659 696 731 756 760 
10 539 596 622 560 667 604 703 729 766 678 
15 562 511 458 474 397 629 357 704 580 517 402 651 682 581 710 
13 335 363 409 434 447 422 386 375 350 324 301 249 193 
4 377 396 265 322 
1 389 
8 447 422 386 375 387 429 501 519 
4 440 490 441 406 
2 419 469 
10 207 221 247 256 275 298 317 340 353 367 
4 242 241 260 341 
0 
7 256 247 221 207 187 173 137 
15 203 261 179 144 56 2 20 57 22 106 28 82 27 5 84 
26 42 33 128 23 9 66 12 95 30 73 36 63 94 167 50 26 6 4 13 15 7 1 75 19 32 103 
8 256 239 184 97 78 125 156 159 
9 162 58 29 158 47 18 110 51 88 
17 139 92 70 71 141 60 74 37 129 145 119 46 25 14 8 55 41 
11 209 208 233 259 290 321 333 393 436 464 475 
18 164 299 252 345 271 394 126 91 148 198 236 77 121 49 229 44 64 180 
28 294 108 65 183 169 451 140 115 123 102 217 244 337 118 175 408 232 264 276 69 218 157 90 170 279 86 237 185 
13 209 178 154 131 98 124 146 174 195 207 187 173 137 
4 223 120 177 85 
4 163 192 143 107 
19 652 656 621 572 544 529 543 605 681 644 602 575 554 636 738 804 846 867 849 
8 570 555 522 649 660 839 864 818 
12 627 609 615 558 786 836 587 688 835 812 768 585 
10 529 544 572 621 656 652 588 547 525 519 
4 556 592 643 573 
0 
9 859 834 775 724 698 672 662 747 805 
12 788 720 631 712 530 571 586 861 598 700 481 642 
15 736 599 676 718 619 776 757 741 811 675 491 669 808 666 687 
13 367 405 450 472 486 512 557 603 634 650 655 671 686 
6 438 416 508 548 516 653 
5 502 630 524 427 431 
9 367 353 340 320 283 235 194 171 159 
4 378 382 268 196 
2 213 255 
16 452 476 509 540 554 636 738 804 846 867 883 893 908 928 956 976 
8 415 442 553 485 722 802 749 794 
2 707 462 
9 452 424 371 305 267 250 288 326 335 
18 358 287 325 254 270 230 303 293 155 190 234 246 227 117 205 99 150 133 
22 351 231 243 214 224 206 199 219 172 176 147 116 289 312 278 286 332 310 168 202 189 210 
10 554 498 423 380 352 335 363 409 434 447 
5 479 376 407 342 323 
1 349 
20 333 393 436 464 475 487 514 549 564 576 591 646 715 772 814 880 926 947 964 987 
6 471 711 792 752 816 991 
11 763 670 844 690 832 494 931 771 797 745 610 
14 439 463 500 523 538 535 527 504 466 425 395 362 327 290 
6 552 455 518 414 343 319 
7 526 495 346 473 510 368 437 
9 439 432 418 385 328 292 269 240 209 
8 379 338 381 295 334 258 273 285 
8 266 400 314 304 291 364 354 274 
7 472 450 405 367 374 410 452 
6 465 313 411 496 467 360 
6 398 403 445 344 435 446 
7 681 605 543 529 506 477 447 
3 507 654 545 
2 641 542 
19 815 878 920 934 939 950 965 999 1025 1044 1058 1087 1126 1156 1161 1177 1198 1222 1237 
14 917 972 994 1024 995 1042 1071 1167 1255 983 1004 968 1032 953 
21 1000 981 1192 979 941 1006 1096 1028 978 961 1017 958 984 1150 1015 916 1012 936 966 1064 1225 
11 988 943 897 876 859 838 785 740 714 684 652 
12 895 865 854 826 726 761 796 699 773 748 665 725 
12 770 692 705 879 728 693 828 755 744 783 795 902 
11 988 992 971 952 945 924 906 874 841 822 815 
10 940 1005 904 1055 963 882 938 837 894 762 
13 799 1043 1054 977 870 871 1047 997 944 912 933 960 905 
12 1030 1090 1169 1226 1262 1256 1248 1231 1212 1180 1146 1132 
8 1078 1273 1200 1241 1118 1195 1114 1063 
14 1123 1213 1166 1100 1187 1266 1151 1139 1211 1072 1249 1158 1101 1069 
7 538 523 500 463 439 456 472 
3 499 457 488 
1 478 
14 576 564 549 514 487 475 503 537 579 620 663 708 780 842 
12 444 546 589 645 658 709 751 779 673 843 623 739 
19 754 568 807 789 765 685 679 635 677 730 727 484 612 639 521 784 823 824 551 
16 1447 1408 1366 1351 1332 1303 1272 1229 1184 1147 1125 1106 1086 1056 1035 1030 
20 1286 1358 1199 1267 1159 1108 1460 1157 1434 1499 1404 1518 1694 1432 1129 1605 1575 1546 1206 1342 
30 1489 1291 1523 1296 1416 1480 1264 1502 1538 1068 1379 1170 1628 1121 1407 1217 1337 1095 1182 1584 1555 1174 1564 1311 1378 1201 1233 1260 1236 1389 
13 614 594 576 591 646 715 772 814 880 926 947 964 987 
6 633 626 716 860 769 903 
0 
8 934 920 878 815 787 758 719 681 
6 925 852 717 683 830 813 
5 759 821 721 791 753 
16 655 671 686 701 734 777 819 848 875 899 921 967 1018 1016 993 987 
12 680 713 793 750 774 858 885 829 856 914 932 915 
12 901 982 891 706 929 767 743 918 881 801 790 847 
7 655 647 625 614 608 574 538 
1 597 
1 624 
11 1320 1293 1261 1208 1147 1125 1106 1086 1056 1035 1030 
6 1197 1122 1091 1353 1409 1392 
8 1250 1371 1382 1406 1413 1426 1441 1331 
12 1320 1293 1261 1208 1147 1062 990 937 898 863 831 805 
7 930 1079 1037 998 853 910 781 
7 833 892 1046 975 873 980 935 
9 2014 1944 1982 1921 1949 1968 1997 2032 2070 
1 1958 
3 1987 1877 1988 
7 1918 1944 1982 2015 2038 2056 2114 
1 2157 
1 2152 
9 1918 1858 1890 1921 1949 1968 1997 2032 2070 
12 1807 1728 1742 1795 1714 1766 1631 1727 1673 1752 1773 1805 
17 1736 1750 1726 1782 1642 1821 1551 1496 1473 1669 1621 1759 1715 1699 1738 1769 1816 
9 849 810 800 778 760 735 702 691 686 
2 951 798 
2 817 825 
8 1377 1356 1327 1320 1293 1261 1208 1147 
8 1380 1289 1154 1334 1247 1314 1370 1414 
12 1310 1363 1335 1279 1396 1383 1294 1277 1326 1403 1295 1357 
24 1132 1146 1180 1212 1231 1248 1256 1262 1298 1349 1387 1405 1411 1423 1453 1478 1493 1506 1533 1563 1582 1607 1653 1702 
6 1301 1388 1347 1431 1560 1591 
11 1644 1542 1365 1375 1503 1323 1574 1444 1617 1537 1420 
7 1262 1226 1169 1090 1030 1011 988 
5 1160 1186 1113 1140 1039 
2 1115 1019 
11 1944 1890 1921 1949 1968 1997 2032 2070 2099 2127 2155 
1 2090 
1 2123 
7 908 893 883 884 849 810 800 
1 900 
0 
13 1858 1844 1824 1797 1777 1771 1754 1732 1713 1693 1678 1660 1649 
8 1785 1712 1767 1683 1734 1645 1709 1688 
11 1788 1775 1739 1810 1720 1758 1746 1707 1670 1684 1672 
9 2074 2015 2038 2056 2085 2121 2154 2172 2196 
0 
0 
24 1161 1177 1198 1222 1237 1259 1288 1307 1330 1362 1394 1405 1411 1423 1453 1478 1493 1506 1533 1563 1582 1607 1653 1702 
5 1305 1456 1487 1594 1271 
4 1284 1280 1384 1390 
9 1982 2015 2038 2056 2085 2121 2154 2172 2196 
0 
0 
29 976 1003 1027 1048 1082 1116 1149 1242 1315 1399 1452 1472 1484 1524 1576 1626 1696 1733 1762 1790 1817 1862 1897 1916 1930 1964 1996 2003 2029 
10 1811 1886 1920 1867 1907 1976 1926 2020 1885 2098 
26 1966 1023 1402 1476 1959 1978 2042 2067 2054 1834 1860 1679 1165 1207 1026 1451 1076 1893 1536 1512 1946 1929 1614 1894 1566 1418 
9 976 969 949 919 896 866 809 737 681 
7 1002 887 948 845 890 782 723 
7 974 868 820 746 907 869 927 
11 732 695 657 617 590 569 533 483 433 392 333 
11 668 648 550 595 428 565 373 197 480 151 689 
14 191 459 618 803 764 638 733 742 541 582 489 566 277 430 
11 1422 1448 1477 1493 1506 1533 1563 1582 1607 1653 1702 
20 1459 1504 1436 1520 1665 1625 1601 1531 1513 1585 1558 1475 1435 1526 1511 1485 1461 1545 1440 1501 
24 1600 1632 1439 1583 1568 1442 1588 1446 1498 1495 1454 1491 1468 1547 1471 1554 1549 1623 1517 1515 1509 1455 1521 1483 
10 2015 1949 1921 1890 1858 1844 1824 1797 1777 1771 
4 1828 1812 1748 1784 
1 1801 
9 2015 1949 1968 1997 2032 2070 2099 2127 2155 
0 
0 
7 2114 2056 2038 2015 1982 1921 1890 
1 1851 
0 
9 1949 1968 1997 2032 2070 2099 2127 2155 2196 
0 
0 
13 842 780 708 663 620 579 537 503 475 464 436 393 333 
6 697 607 520 616 417 366 
2 399 601 
7 2141 2085 2056 1997 1968 1949 1921 
0 
0 
7 2056 1997 1968 1949 1921 1890 1858 
0 
0 
20 2164 2121 2070 2016 1973 1951 1945 1928 1911 1880 1857 1835 1798 1753 1722 1702 1744 1791 1822 1841 
7 1861 1794 1868 2243 1961 1924 2171 
15 2225 1783 1802 1825 1909 1832 1760 1879 2198 2214 2197 1910 1942 1755 1936 
13 1307 1288 1259 1237 1234 1219 1176 1135 1111 1075 1033 1008 976 
9 1254 1112 1181 1209 1155 1124 1066 1084 1034 
9 1130 1053 1142 1061 1104 1089 1152 1228 1188 
20 2085 2032 2070 2016 1973 1951 1945 1928 1911 1880 1857 1835 1798 1753 1722 1702 1744 1791 1822 1841 
4 1850 1781 1725 1737 
0 
7 2085 2056 2038 2015 1982 1944 2014 
0 
0 
7 2085 2032 1997 1968 1949 1921 1890 
0 
0 
18 1052 908 928 956 976 1003 1027 1048 1082 1116 1128 1162 1215 1263 1302 1338 1359 1368 
7 1049 1009 1099 1221 1194 1333 1312 
7 1316 1274 1202 1189 1346 1290 1235 
11 926 947 964 987 993 1016 1018 1029 1045 1060 1081 
10 955 957 1074 986 1007 1094 1022 1148 1041 989 
6 973 1040 1036 1067 1010 1077 
13 1863 1852 1836 1787 1747 1735 1711 1687 1681 1667 1657 1619 1582 
4 1751 1717 1689 1674 
10 1650 1847 1663 1796 1685 1692 1638 1719 1671 1731 
7 2032 1997 2056 2038 2015 1982 2045 
0 
0 
7 2121 2070 2032 1997 1968 1949 1921 
0 
0 
7 2121 2085 2056 2038 2015 1982 2045 
0 
0 
8 987 964 947 962 923 888 857 842 
6 1013 862 909 827 806 1105 
6 889 850 840 886 942 1073 
10 1747 1703 1655 1649 1635 1612 1590 1570 1529 1493 
7 1652 1599 1557 1620 1579 1587 1534 
7 1535 1629 1552 1567 1622 1593 1604 
9 1747 1787 1836 1852 1863 1876 1908 1937 1968 
7 1764 1842 1809 1869 1808 1826 1846 
5 1873 1823 1827 1843 1789 
10 1368 1364 1352 1328 1308 1307 1330 1362 1394 1405 
3 1372 1398 1412 
0 
9 2215 2172 2196 2221 2178 2208 2229 2249 2266 
4 2231 2181 2167 2199 
5 2235 2186 2189 2193 2239 
16 1081 1103 1141 1120 1144 1172 1244 1285 1336 1395 1437 1481 1539 1589 1611 1646 
6 1175 1203 1325 1355 1729 1799 
11 1690 1265 1179 1117 1102 1467 1304 1761 1361 1774 1740 
7 2172 2154 2121 2085 2056 2038 2092 
0 
0 
14 1097 1120 1144 1172 1244 1285 1336 1395 1437 1481 1539 1589 1611 1646 
7 1038 1252 1430 1479 922 970 851 
9 1443 985 913 946 855 1051 954 872 1014 
11 1097 1103 1081 1131 1196 1238 1276 1300 1322 1345 1360 
9 1216 1138 1257 1287 1210 1313 1340 1373 1297 
10 1191 1341 1246 1319 1168 1268 1324 1282 1230 1374 
9 2099 2127 2155 2178 2208 2229 2249 2266 2291 
0 
0 
9 2260 2221 2252 2270 2280 2291 2303 2314 2331 
2 2269 2287 
2 2285 2264 
11 1973 2016 2070 2099 2127 2155 2178 2208 2229 2249 2280 
0 
0 
9 2196 2221 2252 2270 2280 2291 2303 2314 2331 
0 
0 
7 2196 2172 2154 2121 2085 2056 2114 
0 
0 
9 2196 2155 2178 2208 2229 2249 2266 2281 2296 
1 2258 
1 2262 
11 1172 1109 1059 1021 996 959 911 877 849 810 800 
1 1020 
1 1001 
7 2127 2155 2178 2221 2252 2270 2292 
0 
0 
9 1945 1951 1973 1917 1871 1863 1819 1778 1771 
1 1915 
0 
9 2282 2252 2270 2280 2291 2303 2314 2331 2348 
1 2304 
1 2294 
11 1880 1804 1747 1735 1711 1687 1681 1667 1657 1619 1582 
4 1695 1668 1641 1618 
0 
9 2221 2178 2155 2127 2099 2070 2032 1997 1968 
0 
0 
7 1315 1283 1251 1052 1218 1193 1172 
4 1317 1220 1278 1083 
4 1240 1239 1171 1292 
12 1315 1242 1149 1116 1128 1162 1215 1263 1302 1338 1359 1368 
6 1134 1270 1145 1164 1227 1275 
1 1214 
7 2155 2127 2099 2070 2121 2085 2141 
0 
0 
7 2155 2127 2099 2070 2032 1997 2056 
0 
0 
7 2292 2270 2252 2221 2196 2172 2154 
0 
0 
10 1702 1653 1607 1582 1543 1494 1458 1424 1391 1368 
4 1488 1532 1450 1415 
4 1433 1519 1507 1470 
7 2178 2155 2127 2099 2070 2032 2085 
0 
0 
9 2178 2208 2229 2249 2266 2281 2296 2314 2331 
0 
0 
8 1553 1602 1658 1677 1701 1745 1800 1889 
5 1624 1697 1814 1710 1792 
6 1765 1815 1706 1651 1639 1840 
7 1553 1578 1598 1627 1654 1675 1702 
4 1497 1640 1522 1573 
4 1544 1608 1565 1597 
7 2270 2229 2208 2178 2155 2127 2099 
0 
0 
7 2270 2252 2221 2196 2172 2154 2195 
1 2226 
1 2219 
7 2249 2266 2281 2296 2313 2329 2348 
1 2283 
1 2295 
9 2330 2314 2296 2267 2241 2218 2187 2139 2053 
3 2234 2230 2183 
9 2212 2165 2248 2158 2113 2124 2223 2200 1990 
9 2110 2068 2033 2002 1960 1945 1928 1911 1880 
2 1986 1927 
2 2108 2017 
10 1360 1306 1258 1253 1232 1190 1136 1088 1031 987 
17 1245 1183 1178 1137 1143 1093 1070 1050 1080 1110 1098 1223 1127 1369 1309 1339 1393 
23 1205 1185 1153 1224 1173 1057 1085 1344 1243 1065 1281 1107 1321 1299 1269 1163 1204 1119 1350 1367 1133 1329 1092 
11 2303 2281 2296 2267 2241 2218 2187 2139 2053 2040 2022 
3 2210 2182 2145 
1 1999 
9 2266 2281 2296 2267 2241 2218 2187 2139 2053 
2 2135 2000 
0 
12 1841 1756 1677 1701 1745 1724 1664 1606 1586 1556 1510 1472 
7 1680 1661 1634 1613 1596 1571 1508 
7 1528 1592 1633 1662 1718 1686 1704 
8 1841 1853 1870 1888 1940 2013 2072 2110 
4 1896 1833 1948 2019 
3 1881 1971 2039 
13 1472 1452 1399 1400 1427 1419 1386 1417 1438 1469 1500 1530 1553 
13 1482 1427 1381 1466 1428 1464 1318 1354 1465 1516 1540 1421 1577 
10 1474 1492 1462 1385 1505 1348 1550 1463 1343 1429 
7 2346 2330 2318 2310 2291 2280 2270 
1 2327 
2 2352 2315 
7 2281 2266 2249 2229 2208 2156 2110 
1 2080 
0 
7 2296 2281 2266 2249 2229 2208 2252 
0 
0 
7 2296 2281 2266 2291 2280 2270 2292 
0 
0 
7 2331 2314 2303 2291 2280 2270 2292 
0 
0 
11 2331 2313 2296 2267 2241 2218 2187 2139 2053 2040 2022 
1 2094 
0 
12 1524 1484 1472 1510 1556 1586 1606 1664 1724 1745 1800 1889 
4 1514 1449 1768 1874 
0 
7 2348 2331 2314 2303 2291 2280 2302 
0 
0 
7 2313 2296 2281 2266 2249 2229 2270 
0 
0 
7 2313 2296 2314 2303 2291 2280 2302 
0 
0 
7 2313 2296 2281 2266 2249 2229 2208 
0 
0 
8 1889 1931 1914 1900 1888 1870 1853 1841 
3 1955 1865 1898 
3 1933 1905 1887 
7 2329 2313 2331 2314 2303 2291 2310 
0 
0 
8 2037 2040 2053 2060 2073 2096 2122 2142 
3 2030 2101 2035 
3 2082 2058 2048 
13 2022 2037 2012 1965 1889 2006 2064 2112 2149 2174 2194 2209 2229 
6 2018 2115 2136 2201 2138 2103 
11 2143 2031 2168 2041 2204 2134 2190 2097 1998 2043 1970 
15 2022 2040 2053 2060 2073 2096 2122 2142 2175 2213 2240 2259 2278 2306 2329 
15 2161 2289 2255 2206 2232 2279 2261 2300 2312 2321 2338 2339 2354 2358 2353 
22 2256 2275 2277 2298 2271 2317 2308 2334 2305 2322 2333 2347 2350 2177 2233 2351 2268 2357 2356 2355 2293 2228 
13 2040 2037 2012 1965 1889 2006 2064 2112 2149 2174 2194 2209 2229 
6 2066 2061 2011 2153 2184 2217 
0 
28 2053 2060 2073 2096 2122 2142 2132 2119 2100 2075 2047 2027 2025 1995 1985 1962 1950 1932 1922 1903 1899 1875 1895 1856 1839 1813 1786 1762 
5 2173 2129 2057 2007 1956 
16 2131 1829 2106 1934 2069 1859 2036 1772 1806 1983 2086 1872 1892 1935 2109 1979 
11 1646 1630 1603 1580 1559 1541 1486 1425 1401 1376 1360 
6 1682 1525 1643 1397 1457 1490 
7 1445 1569 1410 1648 1609 1561 1548 
7 1906 1938 1977 2053 2040 2037 2012 
4 1953 2052 1831 1904 
5 1891 1845 1963 1866 1884 
8 1762 1733 1696 1626 1576 1524 1572 1610 
5 1698 1636 1581 1616 1527 
1 1595 
20 1762 1786 1813 1839 1856 1895 1875 1899 1903 1922 1932 1950 1962 1985 1995 2025 2027 2009 1957 1906 
4 1757 1779 1902 1925 
1 1901 
13 2240 2213 2175 2142 2132 2119 2100 2075 2047 2027 2025 1995 1985 
4 2084 2076 2050 1941 
1 2065 
15 1849 1875 1899 1903 1922 1932 1950 1962 1985 1995 2025 2027 2009 1957 1906 
3 1864 1913 1883 
0 
9 1849 1856 1839 1813 1786 1762 1723 1676 1646 
4 1855 1637 1743 1562 
2 1659 1716 
9 2142 2122 2096 2073 2060 2053 1977 1938 1906 
2 1939 1992 
1 1969 
8 1899 1875 1849 1837 1770 1656 1615 1610 
3 1830 1666 1721 
2 1691 1705 
14 1932 1922 1903 1899 1912 1952 2010 2023 2008 1991 1974 1943 1923 1916 
6 1981 2046 1967 1947 2028 2005 
6 1989 2024 1975 1993 1972 1994 
10 1932 1919 1882 1818 1776 1730 1708 1700 1647 1610 
6 1878 1820 1848 1763 1780 1741 
5 1749 1803 1793 1838 1854 
19 2027 2025 1995 1985 1962 1950 1932 1954 1980 2026 2063 2118 2151 2147 2130 2104 2088 2059 2029 
11 1984 2055 2021 2102 2062 2081 2105 2116 2144 2079 2051 
11 2089 2083 2044 2128 2001 2077 2095 2034 2071 2133 2125 
20 1916 1930 1964 1996 2003 2029 2059 2088 2104 2130 2147 2151 2159 2179 2203 2220 2238 2253 2274 2286 
21 2148 2188 2170 2192 2236 2244 2211 2265 2257 2276 2290 2341 2349 2309 2307 2344 2326 2324 2332 2245 2343 
25 2345 2227 2299 2335 2216 2263 2311 2319 2301 2297 2191 2224 2323 2237 2205 2328 2316 2340 2337 2320 2342 2325 2336 2247 2169 
10 2246 2202 2162 2142 2132 2119 2100 2075 2047 2027 
4 2222 2254 2111 2091 
3 2242 2087 2078 
12 2286 2273 2272 2250 2246 2207 2180 2150 2107 2049 2004 1985 
8 2251 2288 2166 2146 2176 2137 2093 2120 
7 2185 2126 2163 2160 2140 2117 2284 
