5 11 43 99 199 278 
12 24 96 166 134 327 337 389 89 52 111 182 142 
17 68 188 40 10 39 212 114 127 113 149 211 227 160 138 16 112 101 

17 468 447 419 402 386 367 345 313 294 278 247 215 193 161 87 38 31 
18 526 424 368 353 490 334 314 452 305 381 279 410 446 270 186 81 48 491 
17 399 370 451 458 165 418 309 306 62 388 346 250 382 363 329 441 495 

15 31 72 122 136 168 209 205 200 230 249 265 303 369 422 450 
20 79 152 104 204 133 233 155 150 190 226 245 253 229 285 301 268 356 323 117 100 
20 59 349 242 214 223 219 172 176 135 147 116 287 276 284 109 330 308 132 202 189 

15 193 248 299 322 348 373 384 420 466 475 504 527 541 603 677 
12 237 320 263 357 394 438 488 459 543 505 591 651 
11 480 638 513 411 575 540 298 260 300 354 328 

23 677 714 750 777 803 810 829 862 893 910 931 937 956 977 1002 994 1011 1016 1037 1066 1086 1104 1126 
19 801 679 818 840 712 754 881 924 825 948 869 1036 988 891 926 1019 1071 1101 1133 
17 751 809 788 1048 1100 962 716 780 858 1075 859 930 745 898 919 945 892 

11 1126 1042 975 923 885 851 819 793 766 749 713 
11 916 1059 1018 982 841 897 771 849 695 596 639 
11 821 879 1027 672 960 861 965 734 799 671 921 

13 665 739 658 668 693 719 765 822 847 864 884 929 973 
10 584 629 707 528 569 715 778 853 882 479 
9 729 866 597 617 489 796 662 683 889 

11 693 670 635 598 559 530 517 499 427 385 373 
10 604 690 511 660 557 611 503 534 439 404 
10 637 657 532 582 630 576 561 581 417 467 

12 847 826 775 733 709 680 649 653 619 570 542 527 
13 842 814 721 753 785 694 763 740 661 720 640 590 554 
12 760 688 625 700 723 689 816 585 747 736 773 784 

20 1665 1622 1581 1556 1537 1509 1482 1470 1455 1427 1401 1375 1356 1335 1306 1299 1272 1240 1187 1126 
14 1633 1567 1564 1496 1535 1464 1480 1415 1438 1349 1393 1359 1268 1176 
16 1612 1342 1229 1518 1479 1314 1548 1590 1425 1513 1362 1305 1433 1382 1336 1460 

15 1556 1519 1471 1437 1403 1370 1347 1338 1317 1281 1242 1194 1141 1107 1095 
12 1465 1508 1429 1394 1291 1254 1206 1312 1173 1124 1143 1200 
12 1412 1495 1295 1253 1181 1168 1483 1325 1449 1269 1193 1214 

21 1470 1456 1432 1402 1390 1384 1373 1341 1309 1286 1267 1238 1216 1213 1198 1155 1114 1090 1055 1014 991 
14 1435 1410 1391 1377 1284 1233 1091 1160 1188 1134 1103 1046 1064 1015 
4 1423 1399 1363 1369 

22 1274 1256 1245 1241 1235 1227 1210 1191 1159 1125 1111 1081 1049 1035 1028 1009 984 966 944 927 920 906 
16 1226 1313 1293 1252 1179 1220 1097 1174 1043 1093 968 1013 953 938 987 911 
8 1289 1192 1145 1258 1130 1273 1190 1228 

17 677 730 797 854 883 905 935 954 961 986 1008 1029 1062 1095 1128 1221 1294 
12 718 772 833 877 934 874 985 1030 992 1079 1113 1249 
12 1004 959 856 808 1144 738 1186 1007 1056 894 857 913 

6 552 634 731 792 834 855 
8 717 656 791 827 741 852 783 806 
6 776 684 823 800 702 758 

8 450 529 609 655 691 726 748 752 
10 537 594 620 558 663 602 698 724 756 674 
8 560 627 699 578 648 678 579 705 

11 365 403 448 470 484 510 555 601 632 647 652 
8 436 414 463 486 506 546 514 650 
7 476 500 628 522 425 443 429 

7 789 805 843 899 970 1032 1077 
5 787 839 955 908 974 
7 888 958 813 932 940 860 997 

11 682 696 727 767 807 837 863 886 907 952 1001 
14 676 708 782 742 764 846 872 817 844 900 918 943 901 1054 
10 878 701 915 757 735 904 868 790 779 835 

28 795 812 830 845 875 909 947 933 949 972 978 999 1001 1010 1026 1040 1061 1083 1120 1099 1123 1151 1172 1197 1033 1230 1262 1294 
24 732 831 896 794 996 850 815 976 890 941 971 990 1074 1003 1127 1022 1154 1020 1182 1063 1257 1296 1199 1085 
21 1021 1017 1219 967 1047 993 1218 1096 1150 1082 876 838 828 917 873 928 1057 774 1271 1053 811 

8 574 589 643 710 762 802 867 912 
9 631 706 624 781 711 744 848 804 759 
9 755 666 832 686 820 761 786 737 608 

26 98 124 146 174 195 225 221 246 255 273 296 315 338 351 365 372 408 450 474 507 538 552 573 600 641 677 
27 130 210 241 220 203 259 224 240 307 258 376 339 280 380 311 409 494 465 358 413 440 551 483 520 646 553 568 
21 252 316 282 261 509 396 607 304 295 401 244 472 613 556 342 515 216 433 444 460 583 

9 473 501 535 577 618 659 703 770 830 
13 544 518 587 614 605 642 654 692 704 743 769 669 621 
13 746 566 681 675 633 673 725 722 610 599 636 519 549 

9 536 533 525 502 464 423 393 360 325 
6 550 453 516 412 341 317 
6 524 572 493 344 366 435 

10 239 267 290 326 383 416 430 437 461 498 
10 283 256 332 271 336 293 379 377 455 497 
12 521 264 398 312 302 454 289 471 362 352 272 508 

21 615 588 567 531 481 431 390 331 319 288 257 232 207 208 178 154 131 98 80 54 3 
31 664 645 548 593 426 563 371 197 478 269 251 343 297 164 222 120 177 85 21 126 91 148 77 121 49 228 151 44 64 180 685 
36 292 108 191 65 0 183 169 457 140 616 115 123 102 163 335 118 175 539 580 231 262 274 69 218 192 157 487 90 170 143 564 275 428 86 107 185 

12 972 1012 1068 1115 1169 1211 1232 1248 1278 1308 1329 1346 
14 1060 1031 1122 1073 1050 1089 1157 1116 1224 1162 1288 1318 1348 1372 
13 1184 1132 1203 1038 1065 1323 1045 1260 1087 1300 1142 1098 1072 

16 1577 1554 1534 1517 1463 1404 1380 1355 1339 1324 1301 1279 1255 1217 1175 1110 
15 1501 1648 1611 1376 1436 1352 1276 1319 1266 1292 1189 1236 1195 1117 1467 
17 1170 1320 1424 1543 1225 1285 1298 1147 1247 1389 1583 1303 1261 1209 1536 1524 1353 

11 1681 1642 1614 1594 1514 1416 1374 1315 1264 1223 1151 
7 1746 1688 1457 1409 1334 1304 1231 
8 1422 1244 1158 1446 1283 1713 1340 1723 

11 1714 1692 1660 1599 1550 1500 1461 1451 1431 1378 1294 
12 1662 1606 1490 1555 1589 1503 1428 1459 1406 1360 1445 1407 
11 1381 1454 1645 1430 1442 1512 1488 1587 1568 1540 1397 

8 1451 1486 1531 1560 1580 1632 1686 1700 
11 1569 1484 1545 1673 1646 1629 1604 1586 1719 1760 1817 
7 1504 1565 1603 1630 1679 1652 1667 

14 1528 1576 1626 1643 1664 1700 1747 1784 1809 1833 1848 1896 1945 1962 
9 1473 1597 1661 1760 1817 1740 1776 1846 1826 
9 1717 1709 1761 1790 1843 1669 1620 1608 1827 

13 1665 1619 1572 1552 1528 1506 1476 1448 1417 1396 1365 1327 1294 
11 1547 1609 1498 1551 1515 1400 1444 1492 1333 1297 1443 
14 1452 1398 1469 1441 1364 1481 1520 1582 1526 1539 1322 1379 1571 1408 

6 1825 1764 1725 1689 1671 1663 
6 1821 1766 1793 1715 1729 1697 
6 1704 1750 1615 1741 1782 1799 

6 1584 1588 1624 1720 1781 1794 
2 1634 1683 
3 1656 1546 1668 

27 2064 2057 2045 2027 2005 1980 1962 1960 1932 1923 1902 1889 1873 1862 1845 1841 1818 1837 1801 1783 1759 1734 1714 1685 1641 1614 1601 
21 2015 2091 2006 2053 1983 2038 2021 1989 1882 1855 1943 1895 1807 1775 1866 1844 1728 1800 1710 1570 1698 
22 2056 1774 2033 1875 2001 1802 1969 1722 1616 1752 1921 1627 2016 1815 1834 1876 1677 2036 2017 2008 1998 1918 

8 1923 1940 1982 2034 2071 2097 2118 2153 
7 2061 2022 2094 2047 2067 2085 2131 
6 2101 2051 2083 2080 2063 2043 

7 2072 2044 1996 1961 1919 1893 1873 
7 2069 2029 2012 1988 1995 1955 1922 
7 2019 1978 1860 1937 2007 2024 1967 

11 1858 1863 1884 1913 1928 1944 1957 1946 1891 1854 1841 
6 1941 1887 1963 1907 1979 1920 
6 1926 1958 1914 1930 1911 1931 

22 1763 1805 1839 1858 1871 1904 1933 1939 1964 1991 2018 2031 2055 2068 2072 2079 2096 2114 2130 2145 2159 2178 
24 1757 1829 1861 1810 1849 1915 1867 1954 1828 1984 2009 2032 2042 2065 2103 2089 2106 2143 2151 2121 2171 2163 2180 2026 
27 1738 1906 2136 1899 1917 1975 2000 1987 1779 2014 1803 2125 2168 2052 2105 2133 2144 2116 2002 1835 2058 2050 1886 1870 1836 2155 2088 

11 2236 2230 2221 2209 2197 2188 2176 2153 2113 2082 2064 
14 2226 2237 2220 2235 2152 2193 2238 2222 2206 2158 2190 2160 2242 2208 
15 2240 2199 2229 2149 2177 2215 2201 2219 2225 2157 2213 2234 2231 2216 2186 

8 2248 2243 2228 2214 2207 2198 2181 2147 
8 2250 2245 2246 2233 2217 2232 2210 2117 
7 2204 2218 2227 2241 2244 2249 2247 

8 2064 2093 2123 2147 2165 2182 2205 2239 
8 2081 2191 2161 2140 2184 2166 2200 2185 
8 2162 2179 2175 2095 2141 2173 2194 2137 

8 1848 1879 1916 1986 2062 2102 2127 2148 
11 1880 1929 1936 2060 2023 2099 2066 2138 2098 2120 2142 
10 2122 2084 1903 2156 2078 2049 2172 2132 1908 2111 

7 2170 2119 2108 2092 2070 2039 1997 
8 2126 2112 2100 2074 1999 2041 1947 1993 
8 1966 2087 1974 2115 2059 2104 2025 1942 

5 2075 2037 2003 1949 1881 
6 2203 2011 1953 1888 1778 1924 
5 1910 2035 1971 1973 1951 

22 2064 2054 2030 2004 1992 1986 1972 1970 1948 1905 1832 1872 1856 1842 1831 1813 1798 1785 1767 1739 1699 1665 
13 1968 1965 2028 1892 1985 1952 1894 1808 1840 1838 1811 1695 1742 
17 1731 1956 1824 2013 1990 1770 2040 1981 1712 1874 1934 1976 1935 1909 1847 1830 1927 

17 1977 1878 1850 1819 1806 1797 1780 1735 1702 1694 1674 1653 1647 1635 1625 1592 1556 
15 1791 1771 1812 1787 1754 1716 1755 1705 1659 1678 1636 1655 1610 1640 1591 
19 1816 1768 1618 1792 1631 1743 1651 1772 1788 1657 1765 1607 1737 1751 1666 1680 1814 1638 1690 

19 1470 1505 1544 1563 1585 1605 1617 1628 1644 1658 1676 1691 1707 1721 1726 1744 1769 1789 1865 
20 1561 1510 1532 1593 1553 1621 1573 1654 1613 1672 1649 1693 1718 1733 1675 1758 1703 1773 1732 1753 
20 1727 1600 1736 1748 1724 1696 1527 1541 1756 1623 1595 1566 1579 1682 1711 1701 1670 1637 1650 1639 

8 1596 1557 1523 1493 1472 1450 1421 1401 
15 1575 1507 1533 1598 1477 1489 1559 1440 1453 1521 1502 1487 1419 1462 1414 
15 1574 1602 1511 1418 1542 1562 1474 1468 1447 1529 1525 1491 1485 1434 1497 

8 1538 1478 1426 1420 1392 1350 1310 1299 
9 1578 1549 1522 1475 1439 1494 1388 1371 1332 
9 1466 1499 1458 1516 1361 1385 1405 1558 1530 

13 2046 1950 1912 1890 1885 1869 1853 1823 1786 1745 1706 1684 1665 
8 1857 1795 1868 1730 1804 1687 1901 1864 
10 1900 1859 1749 1851 1777 1822 1852 1883 1708 1877 

13 2239 2223 2211 2202 2192 2183 2170 2154 2129 2107 2086 2076 2046 
7 2164 2224 2139 2174 2189 2020 2135 
9 2196 2187 2195 2128 2169 2048 2167 2212 2146 

10 2124 2109 2046 2010 1994 1977 1959 1938 1898 1865 
5 2150 2090 1897 2077 1796 
6 2134 2073 2110 1762 1820 1925 

8 249 286 324 333 361 407 432 445 
2 291 375 
2 387 310 

6 333 350 378 421 496 552 
5 321 374 340 405 477 
5 456 395 355 347 400 

9 8 25 41 55 71 92 119 145 159 
7 29 51 18 47 88 158 110 
7 139 70 60 37 129 46 14 

8 159 156 125 78 97 184 238 255 
2 58 162 
2 141 74 

7 159 171 194 234 281 318 338 
2 196 266 
3 213 254 359 

17 13 23 9 1 4 6 26 50 75 103 137 73 30 32 45 61 76 
17 28 2 22 56 20 84 106 82 144 179 57 27 5 83 17 34 105 
16 42 33 128 35 66 12 95 36 63 94 67 93 15 7 53 19 

9 137 173 187 206 195 174 146 124 98 
0 
4 181 201 153 167 

32 331 391 434 462 473 485 512 547 562 574 592 612 623 644 652 667 682 687 697 728 752 768 789 798 836 871 870 880 895 914 942 961 
10 364 392 415 442 469 595 887 939 198 235 
12 449 217 243 482 492 397 406 824 606 622 277 236 

3 1232 1222 1183 
3 1202 1106 1078 
4 1164 1152 1237 1112 

21 1347 1343 1331 1307 1287 1286 1267 1238 1216 1201 1177 1156 1140 1129 1111 1081 1049 1035 1024 981 931 
4 1351 1234 1146 1250 
7 1263 1102 1171 1259 1052 1135 1204 

10 961 991 1014 1055 1090 1114 1155 1198 1213 1216 
0 
9 1109 1034 1121 1041 1084 1069 1131 1207 1167 

9 1384 1366 1328 1277 1241 1205 1148 1070 1011 
8 1326 1367 1280 1139 1165 1092 1119 1058 
8 1094 1344 1354 1080 1166 1302 1118 1137 

12 1067 1039 1025 1006 983 950 936 925 920 906 865 803 
7 1023 1051 1005 980 979 957 903 
9 1105 964 1076 946 1000 902 995 922 1044 

8 1035 1028 1009 984 966 944 927 920 
0 
5 989 963 969 998 951 

12 1126 1163 1208 1251 1282 1311 1265 1270 1290 1239 1212 1180 
9 1088 1138 1178 1337 1246 1265 1185 1136 1108 
8 1275 1243 1149 1196 1316 1161 1153 1215 

4 1330 1345 1387 1426 
4 1413 1383 1411 1321 
5 1395 1358 1386 1357 1368 

5 649 586 545 523 517 
1 571 
2 626 565 

