27 450 391 324 273 233 215 195 185 164 134 109 97 87 74 53 24 0 1 2 3 4 5 7 8 10 11 12 
15 369 240 187 126 91 55 17 20 26 740 656 970 844 552 957 
29 820 714 1007 13 165 86 648 1016 933 9 1020 547 822 710 327 545 1018 935 6 52 971 771 874 594 677 503 234 647 110 
7 22 21 19 16 15 14 12 
2 46 31 
2 18 23 
27 493 457 445 411 372 343 319 292 269 250 231 214 196 184 162 151 133 120 105 85 76 67 58 47 39 27 12 
13 434 394 344 254 242 193 174 141 113 98 80 64 50 
13 266 443 108 194 77 43 132 57 373 103 321 232 163 
9 37 35 34 32 28 29 30 25 22 
2 63 42 
2 36 33 
25 534 502 466 423 398 375 347 320 291 270 247 225 210 191 177 155 146 127 115 102 93 78 59 41 22 
13 456 393 366 296 243 221 175 179 137 119 101 83 71 
13 463 90 114 397 293 94 211 348 145 61 244 176 180 
11 534 529 522 524 525 517 507 509 510 500 493 
4 452 572 449 565 
4 508 523 497 532 
23 1056 984 928 892 852 815 785 765 746 708 671 639 610 590 584 546 493 476 461 462 465 454 450 
13 945 941 863 855 788 744 706 657 632 577 384 563 994 
16 613 854 1039 930 786 1049 1031 851 473 455 678 745 669 579 929 1029 
17 564 489 418 387 337 260 200 188 169 154 143 121 111 88 73 56 37 
6 414 314 208 150 107 68 
6 106 72 199 416 168 333 
9 564 560 553 554 556 549 542 537 534 
4 499 606 468 597 
4 555 544 562 530 
13 1517 1529 1538 1547 1560 1563 1562 1570 1577 1585 1595 1600 1605 
4 1503 1523 1686 1544 
6 1521 1592 1581 1553 1565 1552 
9 1517 1488 1453 1400 1334 1278 1212 1140 1056 
3 1448 1345 1242 
3 1213 1451 1335 
11 79 81 82 89 92 95 96 99 100 104 112 
0 
1 84 
19 1095 1040 999 979 961 923 886 847 810 780 738 698 666 654 634 602 574 559 534 
11 1013 977 891 900 821 799 754 722 675 651 585 
11 889 812 737 962 998 884 635 807 573 667 741 
7 1095 1084 1076 1069 1067 1064 1056 
2 1142 1010 
2 1052 1087 
11 1560 1528 1500 1441 1387 1317 1260 1226 1202 1153 1095 
5 1476 1416 1376 1291 1203 
5 1391 1499 1383 1197 1262 
11 1560 1547 1538 1529 1517 1599 1688 1746 1802 1867 1952 
4 1459 1598 1700 1834 
2 1690 1803 
15 1143 1063 993 955 917 878 840 803 774 734 693 649 596 588 564 
6 985 915 848 782 699 615 
6 839 599 692 991 916 772 
7 1143 1141 1132 1123 1110 1103 1095 
3 1075 1059 1181 
3 1126 1119 1092 
21 92 89 82 81 79 75 70 69 66 65 62 60 54 51 49 48 45 44 40 38 37 
0 
0 
11 2004 1970 1935 1895 1857 1829 1800 1735 1670 1617 1560 
4 1929 1882 1811 1667 
4 1668 1859 1934 1801 
9 2004 1995 1992 1986 1983 1974 1965 1957 1952 
3 2040 1903 2026 
3 1981 1966 2007 
21 2778 2850 2890 3047 3247 3257 3277 3298 3312 3372 3420 3484 3541 3577 3601 3623 3651 3709 3766 3794 3864 
9 3360 3399 3570 3642 3669 3759 3518 3662 3756 
21 3412 3817 3483 3604 2891 3646 3765 3645 3293 3785 3542 3328 3451 3572 3717 3804 3477 3415 3652 3826 3848 
15 2778 2694 2611 2551 2487 2457 2430 2390 2345 2287 2224 2176 2125 2039 1952 
6 2652 2528 2451 2361 2226 2129 
6 2346 2433 2490 2126 2613 2225 
9 1605 1522 1434 1377 1311 1281 1250 1196 1143 
4 1438 1446 1332 1252 
4 1431 1245 1313 1436 
13 3247 3257 3277 3298 3312 3317 3325 3333 3334 3350 3361 3368 3381 
5 3262 3461 3240 3289 3424 
6 3378 3387 3319 3348 3343 3314 
11 3247 3047 2890 2850 2778 2786 2787 2806 2820 2828 2839 
4 2931 2735 2747 2888 
3 2798 2779 2842 
9 1189 1215 1254 1384 1497 1526 1554 1630 1720 
3 1468 1593 927 
6 907 1556 908 768 1019 1496 
7 1189 1179 1171 1162 1160 1148 1143 
2 1229 1217 
2 1186 1168 
9 2053 1977 1879 1846 1820 1765 1709 1658 1605 
4 1872 1861 1714 1712 
4 1706 1874 1824 1710 
7 2053 2045 2042 2034 2027 2017 2004 
4 1985 2107 2140 1900 
4 2012 2038 2059 2032 
19 2839 2793 2768 2723 2672 2637 2605 2543 2481 2420 2384 2336 2276 2219 2167 2143 2111 2061 2004 
10 2757 2682 2666 2576 2484 2375 2299 2247 2144 2127 
10 2764 2109 2600 2670 2165 2273 2479 2278 2677 2382 
18 701 711 728 731 875 1030 1051 1066 1083 1093 1102 1113 1112 1111 1118 1129 1134 1145 
3 1164 1038 1211 
4 1099 1139 1025 1125 
11 1654 1651 1653 1646 1638 1636 1631 1620 1615 1613 1605 
4 1696 1576 1726 1558 
4 1602 1645 1622 1661 
13 135 144 149 148 147 152 156 158 160 205 252 284 334 
3 212 197 259 
4 161 153 253 142 
11 3312 3227 3163 3098 3051 3023 3001 2978 2964 2907 2839 
5 3193 3155 3096 2981 2983 
5 2994 2966 3170 3158 3053 
15 147 152 156 158 160 205 252 284 334 351 379 412 444 481 528 
3 378 467 446 
3 447 381 441 
15 283 239 201 171 135 131 130 128 122 123 124 118 117 116 112 
3 216 159 167 
3 139 202 129 
11 1254 1215 1189 1214 1238 1302 1367 1426 1485 1568 1654 
3 1248 1348 1470 
3 1363 1483 1235 
11 2097 2044 2006 1982 1950 1911 1877 1817 1762 1713 1654 
4 2024 1987 1892 1784 
4 1953 2008 1764 1878 
9 2097 2090 2091 2079 2071 2067 2066 2060 2053 
4 2148 2011 1996 2171 
4 2063 2050 2074 2106 
17 1077 1116 1173 1193 1241 1303 1315 1328 1333 1347 1356 1359 1350 1378 1399 1414 1433 
2 1220 1460 
5 1325 1198 1406 1340 1364 
21 2880 2856 2833 2797 2770 2743 2717 2669 2607 2544 2477 2445 2414 2381 2333 2308 2277 2241 2217 2145 2053 
10 2809 2788 2706 2632 2518 2496 2421 2325 2329 2202 
10 2474 2716 2280 2771 2332 2215 2415 2825 2482 2609 
7 2880 2873 2866 2859 2853 2848 2839 
4 2789 2937 2767 2903 
4 2877 2867 2838 2852 
7 1267 1218 1137 1077 893 724 701 
1 1388 
1 1288 
16 1267 1283 1295 1297 1303 1315 1328 1333 1347 1356 1359 1350 1378 1399 1414 1433 
2 1443 1435 
1 1307 
11 407 392 376 370 352 282 224 182 136 125 112 
6 275 258 157 653 354 474 
11 425 623 422 365 228 429 413 140 621 401 548 
11 731 728 711 701 704 684 637 424 226 138 79 
1 213 
1 219 
11 4489 4401 4311 4258 4200 4180 4154 4097 4048 3977 3864 
4 4339 4242 4158 4051 
4 4201 4155 4313 4049 
7 478 440 407 371 326 307 283 
3 511 426 312 
2 322 477 
25 5236 5147 5043 5012 5017 5025 5030 5037 5049 5059 5060 5061 5067 5075 5010 4954 4955 4926 4880 4887 4867 4839 4809 4685 4536 
4 5106 4967 5128 4995 
6 5047 5024 4928 5078 5042 5073 
9 5012 4978 4949 4886 4821 4733 4622 4564 4489 
3 4946 4845 4673 
3 4948 4624 4825 
15 3249 3220 3207 3188 3153 3123 3094 3066 3039 3020 3004 2965 2935 2909 2880 
6 3204 3167 3116 3024 2944 3015 
6 3009 3097 3206 3154 3035 2936 
9 2493 2463 2440 2379 2314 2286 2250 2184 2097 
4 2425 2335 2292 2222 
4 2315 2438 2257 2243 
13 334 284 252 205 160 166 173 172 170 178 183 186 190 
2 204 236 
2 181 189 
11 334 331 332 323 318 316 317 303 297 288 283 
4 377 264 364 359 
4 306 310 342 329 
23 3381 3465 3549 3603 3653 3681 3716 3799 3916 4009 4055 4077 4103 4162 4205 4270 4315 4350 4383 4448 4516 4552 4580 
8 4072 4152 4091 4234 4233 4333 4390 4521 
11 4209 3558 3715 4316 4382 4056 3543 4099 4110 4206 4519 
9 1720 1717 1718 1707 1702 1689 1681 1665 1654 
3 1776 1812 1799 
3 1693 1729 1716 
9 1303 1241 1193 1173 1116 1077 893 724 701 
1 1422 
0 
7 1303 1297 1295 1283 1267 1259 1254 
1 1409 
0 
9 3653 3603 3549 3465 3381 3326 3299 3278 3249 
4 3581 3538 3441 3303 
1 3295 
13 3916 3799 3716 3681 3653 3666 3674 3676 3683 3698 3702 3707 3712 
2 3752 3769 
3 3685 3720 3671 
7 3916 3901 3908 3886 3876 3870 3864 
3 3997 3779 3961 
3 3835 3921 3937 
9 2930 2874 2832 2746 2681 2614 2555 2521 2493 
4 2812 2826 2683 2566 
4 2824 2837 2680 2553 
9 2930 2923 2919 2910 2904 2901 2897 2889 2880 
3 2961 2810 2970 
3 2908 2932 2892 
9 528 526 527 513 506 498 490 487 478 
3 561 582 436 
3 536 521 471 
9 1030 875 731 723 720 727 725 730 732 
1 688 
2 718 668 
13 732 673 630 598 570 533 478 440 407 392 376 370 352 
3 640 636 571 
3 631 629 569 
7 2188 2095 2029 1980 1905 1806 1720 
3 2054 1956 1888 
3 2030 1912 1896 
13 2188 2182 2181 2168 2163 2151 2147 2141 2137 2135 2134 2113 2097 
5 2239 2265 2244 2033 2187 
5 2122 2142 2193 2155 2174 
7 218 217 206 203 198 192 190 
1 241 
1 207 
7 4580 4565 4556 4543 4517 4507 4489 
2 4493 4444 
2 4498 4546 
7 3316 3229 3162 3104 3049 2982 2930 
3 3135 3128 3045 
3 3156 3046 3052 
7 3316 3306 3302 3290 3279 3260 3249 
2 3224 3321 
2 3294 3288 
11 5075 5010 4954 4955 4926 4835 4831 4762 4689 4638 4580 
3 4717 4716 4903 
5 4864 4896 4693 4900 4687 
20 5369 5343 5314 5291 5263 5229 5205 5145 5075 5010 4954 4955 4926 4880 4887 4867 4839 4809 4685 4536 
2 5233 4926 
4 5008 5403 5210 5254 
8 5369 5328 5289 5269 5236 5147 5043 5012 
0 
0 
7 5314 5300 5284 5275 5261 5251 5236 
2 5215 5201 
2 5273 5245 
29 1350 1378 1399 1414 1433 1439 1449 1461 1478 1490 1498 1511 1533 1589 1648 1763 1891 2001 2078 2172 2248 2313 2366 2387 2401 2418 2444 2459 2472 
5 1423 2121 2358 2359 2568 
11 2460 1884 1430 1467 1642 2428 2363 1477 1507 2245 2080 
18 3958 3946 3960 3972 3969 4000 4024 4026 4029 4052 4050 4066 4089 4231 4344 4420 4485 4548 
2 3935 4372 
5 4005 4347 3905 4073 3926 
9 3958 3939 3923 3919 3916 3799 3716 3681 3653 
2 4008 3741 
2 3883 3973 
9 763 705 660 646 624 593 566 551 528 
4 665 655 611 575 
4 568 658 628 618 
11 763 759 761 758 751 748 747 742 739 736 732 
5 800 717 850 695 783 
5 729 743 787 767 749 
11 2589 2517 2466 2443 2413 2385 2341 2317 2290 2235 2188 
4 2447 2470 2350 2293 
4 2464 2417 2339 2291 
11 2589 2574 2564 2550 2546 2525 2513 2512 2511 2501 2493 
4 2631 2686 2403 2647 
4 2524 2580 2500 2557 
10 3824 3712 3707 3702 3698 3683 3676 3674 3666 3653 
3 3595 3664 3673 
7 3719 3735 3737 3747 3734 3745 3755 
8 3824 3960 4007 4229 4536 4685 4809 4839 
0 
0 
13 3960 3824 3712 3678 3657 3626 3605 3580 3546 3488 3430 3376 3316 
4 3649 3613 3561 3408 
4 3602 3544 3658 3422 
7 3960 3946 3958 3939 3923 3919 3916 
1 3850 
0 
9 251 245 238 235 227 229 230 220 218 
1 267 
1 237 
9 1093 1036 997 960 919 879 835 793 732 
3 1028 940 841 
3 832 920 1001 
8 1093 1083 1066 1051 1030 1165 1324 1350 
1 905 
0 
10 4536 4229 4007 3960 3972 3969 4000 4024 4026 4029 
2 3852 4207 
0 
16 5393 5370 5341 5297 5241 5192 5133 5066 5007 4950 4887 4867 4839 4809 4685 4536 
3 5317 5238 5138 
5 5416 5425 5240 5131 5336 
29 5393 5370 5341 5297 5241 5192 5133 5066 5007 4950 4887 4867 4839 4794 4760 4737 4675 4618 4562 4490 4427 4359 4292 4243 4188 4134 4063 4002 3958 
7 4732 4598 4475 4366 4266 4140 4020 
7 4484 4613 4133 4003 4248 4357 4738 
9 5393 5357 5314 5291 5263 5229 5205 5145 5075 
2 5250 5099 
0 
11 2977 2943 2899 2878 2862 2800 2750 2698 2651 2620 2589 
4 2887 2896 2744 2653 
4 2863 2894 2745 2649 
9 2977 2969 2967 2958 2954 2950 2939 2938 2930 
3 3054 2872 2900 
3 2948 2976 2933 
7 298 294 289 278 265 256 251 
2 382 358 
2 279 299 
25 794 752 716 697 674 664 650 626 609 592 586 543 494 459 442 419 406 389 363 340 309 263 222 209 190 
12 735 662 670 595 589 518 504 421 417 361 338 248 
12 587 409 360 496 607 719 492 652 311 672 223 435 
7 794 789 781 779 775 766 763 
3 726 721 814 
3 769 762 784 
7 5406 5166 4876 4839 4809 4685 4536 
0 
0 
7 5406 5398 5393 5357 5314 5343 5369 
0 
0 
11 5406 5521 5637 5667 5696 5719 5737 5812 5878 5928 5994 
4 5716 5892 5775 5693 
4 5698 5760 5671 5880 
19 280 286 298 405 486 539 583 591 614 625 644 663 682 696 712 778 828 859 906 
10 483 567 633 627 694 713 819 707 541 395 
16 512 390 385 472 415 336 580 641 702 709 515 825 616 683 578 485 
13 272 325 367 410 448 686 926 1009 1104 1158 1208 1293 1398 
1 1219 
4 362 1106 1393 1209 
7 2645 2644 2641 2616 2610 2597 2589 
4 2736 2718 2508 2437 
4 2485 2559 2656 2621 
21 1862 1847 1842 1831 1830 1822 1816 1809 1810 1796 1788 1787 1786 1781 1770 1766 1757 1742 1734 1724 1720 
10 1926 1606 2041 1897 1672 1910 1623 1610 1893 1813 
10 1754 1728 1774 1737 1772 1748 1853 1825 1795 1920 
7 1478 1395 1305 1280 1246 1176 1093 
2 1326 1244 
2 1306 1247 
17 1478 1461 1449 1439 1433 1458 1491 1512 1543 1567 1586 1644 1695 1719 1751 1797 1862 
7 1272 1525 1509 1535 1607 1704 1759 
5 1542 1590 1495 1694 1750 
11 1145 1085 1034 1014 992 973 953 914 871 817 763 
5 1074 1002 974 898 868 
5 989 1037 873 867 954 
7 3438 3338 3252 3183 3077 3030 2977 
3 3274 3259 3099 
3 3255 3251 3078 
11 3438 3426 3425 3403 3400 3388 3379 3355 3342 3322 3316 
4 3487 3466 3512 3419 
4 3354 3390 3409 3444 
21 826 802 792 777 756 715 680 645 608 581 538 520 488 458 433 404 356 335 305 261 218 
12 790 776 703 687 617 600 550 514 439 420 350 304 
12 540 681 612 491 605 300 791 437 431 757 679 355 
9 826 818 816 809 806 801 798 797 794 
3 864 845 755 
3 795 824 813 
13 2323 2289 2261 2234 2209 2164 2101 2072 2052 1998 1940 1907 1862 
6 2254 2201 2083 2156 2031 1948 
6 2048 2258 1936 2108 2093 2207 
17 2323 2309 2300 2284 2269 2263 2252 2246 2242 2236 2228 2220 2216 2208 2200 2199 2188 
10 2376 2178 2166 2357 2138 2343 2110 2324 2355 2099 
10 2238 2194 2240 2214 2227 2271 2233 2253 2311 2260 
9 1930 1921 1918 1906 1908 1890 1885 1873 1862 
2 2025 2014 
2 1925 1902 
13 4029 3975 3945 3872 3805 3751 3695 3668 3633 3617 3591 3514 3438 
6 3943 3839 3834 3696 3619 3597 
6 3589 3638 3947 3800 3810 3690 
9 1533 1473 1425 1397 1365 1301 1239 1195 1145 
4 1457 1410 1382 1223 
4 1230 1368 1428 1419 
17 1533 1511 1498 1490 1478 1506 1536 1559 1580 1608 1639 1691 1744 1798 1858 1889 1930 
8 1564 1555 1578 1659 1727 1790 1931 1832 
7 1851 1864 1640 1539 1579 1752 1740 
11 1200 1097 1008 950 896 877 857 842 823 808 794 
5 1035 1000 931 866 837 
5 1011 899 1005 856 827 
7 1200 1192 1184 1178 1170 1155 1145 
2 1115 1243 
2 1169 1185 
20 349 341 328 315 308 301 302 295 287 285 281 277 271 268 262 255 246 249 257 272 
3 368 345 374 
5 274 313 339 353 290 
13 862 804 753 689 642 619 604 558 480 428 400 330 251 
5 760 661 601 516 399 
5 750 484 643 396 603 
7 862 853 836 834 833 830 826 
2 796 880 
2 849 831 
7 2733 2663 2571 2475 2399 2372 2323 
3 2595 2572 2400 
3 2573 2398 2567 
11 2733 2719 2713 2701 2692 2685 2678 2667 2662 2655 2645 
7 2804 2535 2792 2774 2592 2755 2453 
7 2674 2689 2660 2520 2668 2724 2709 
11 531 505 470 453 432 388 308 315 328 341 349 
2 460 380 
2 438 469 
13 2371 2322 2267 2237 2211 2189 2161 2139 2092 2068 2047 1997 1930 
5 2298 2223 2173 2035 2085 
6 2212 2386 2160 2051 2272 2088 
7 2371 2365 2353 2351 2347 2334 2323 
3 2282 2270 2407 
3 2331 2362 2338 
9 1584 1531 1481 1403 1308 1285 1256 1228 1200 
3 1464 1331 1282 
3 1309 1258 1474 
17 1584 1572 1557 1548 1533 1589 1648 1763 1891 2001 2078 2172 2248 2313 2366 2387 2401 
4 1484 1635 1880 2249 
1 1545 
14 4089 4231 4344 4420 4485 4548 4590 4611 4657 4691 4720 4748 4784 4847 
3 4602 4723 4772 
3 4749 4703 4593 
20 4089 4079 4084 4116 4114 4098 4126 4151 4142 4131 4156 4163 4232 4267 4289 4320 4387 4455 4531 4595 
7 3971 4214 3956 4249 4047 4324 4488 
9 4184 4095 4153 4045 4264 4321 4450 4044 4456 
11 1253 1175 1100 1080 1057 990 937 897 858 846 826 
5 1108 1058 951 956 869 
5 860 1055 936 939 1098 
7 1253 1232 1222 1216 1210 1206 1200 
2 1342 1147 
2 1233 1201 
11 4548 4524 4511 4492 4506 4510 4527 4481 4464 4508 4536 
1 4962 
1 4610 
18 4548 4485 4504 4526 4532 4544 4557 4569 4579 4595 4531 4455 4387 4320 4289 4267 4232 4163 
7 4389 4615 4655 4412 4672 4432 4265 
5 4541 4586 4497 4528 4560 
7 906 910 913 918 922 924 926 
8 870 966 829 638 764 881 972 700 
21 843 921 773 947 1003 733 805 861 901 659 883 965 622 838 690 770 882 620 964 902 691 
9 906 903 904 895 888 887 885 872 862 
3 948 811 946 
3 876 911 894 
9 576 557 531 505 470 453 432 388 308 
1 451 
0 
17 3090 3118 3146 3237 3340 3463 3587 3594 3598 3750 3878 3929 3987 4039 4086 4122 4195 
6 3522 3873 4004 4094 3337 3263 
10 3213 3590 4088 3988 3168 3231 3268 3877 3265 3261 
7 3090 3017 2960 2906 2841 2782 2733 
3 2968 2922 2827 
3 2835 2959 2844 
15 3090 3079 3065 3057 3042 3036 3027 3021 3014 3013 3012 3006 2998 2991 2977 
9 2962 3161 2951 3172 2963 3108 2915 3120 2914 
9 3018 2999 2984 3010 3060 3048 3083 3025 3041 
11 4847 4905 4951 4968 4991 5013 5045 5055 5071 5083 5100 
3 5103 5142 5176 
3 5057 5092 5001 
13 4951 4905 4847 4861 4871 4884 4889 4907 4906 4919 4923 4936 4952 
4 4792 4796 4808 4816 
4 4911 4873 4857 4885 
13 922 918 913 910 906 969 1023 1048 1072 1127 1182 1257 1346 
4 1047 1070 1227 1172 
4 1024 1071 1177 1187 
13 5492 5511 5531 5592 5645 5656 5668 5682 5699 5703 5722 5728 5735 
13 5763 5780 5831 5379 5446 5605 5469 5911 5586 5792 5814 5344 5865 
28 5845 5502 5777 5765 5491 5533 5523 5546 5458 5516 5509 5438 5475 5706 5498 5810 5908 5684 5517 5779 5907 5529 5764 5877 5788 5830 5809 5848 
7 926 686 448 464 495 519 531 
1 427 
1 475 
9 926 686 448 410 367 325 272 276 280 
1 346 
0 
11 5645 5592 5531 5511 5492 5415 5313 5266 5204 5079 4951 
4 5476 5350 5237 5262 
3 5316 5230 5209 
7 1304 1292 1286 1279 1271 1264 1253 
3 1417 1371 1188 
3 1296 1255 1320 
15 1304 1236 1191 1163 1136 1107 1082 1060 1026 983 944 925 909 890 862 
6 1204 1144 1073 1042 934 938 
6 1190 1027 1138 1078 942 912 
19 5937 5946 5952 5956 5966 5975 5987 5995 6002 6018 6032 6059 6074 6119 6159 6178 6196 6229 6276 
8 5930 6041 6060 6088 6174 6198 5989 5927 
17 5980 5991 5948 5965 5919 5953 5996 6076 6193 5945 5968 6007 5926 6160 6012 5992 5943 
7 5937 5899 5871 5841 5807 5738 5645 
2 5884 5798 
2 5806 5873 
20 6128 6149 6168 6187 6190 6202 6205 6213 6216 6218 6226 6232 6234 6244 6245 6246 6250 6262 6268 6276 
7 6248 6272 6166 6289 6297 6188 6308 
9 6209 6207 6243 6140 6235 6225 6153 6271 6249 
16 6128 6101 6058 6016 5979 5937 5946 5952 5956 5966 5975 5987 5995 6002 6018 6032 
6 6129 5972 6013 5875 5890 6071 
2 6102 6015 
19 2401 2418 2444 2459 2472 2582 2673 2726 2775 2868 2940 2956 2973 3019 3072 3138 3201 3218 3248 
7 2705 2808 2953 2974 3068 3085 3202 
7 2777 3200 2971 3069 2676 3074 2941 
7 2401 2397 2393 2391 2378 2374 2371 
3 2348 2330 2537 
2 2389 2373 
13 6187 6168 6149 6128 6085 6062 6037 6030 6026 6022 6020 6003 5994 
5 6158 6195 6082 5906 6107 
3 6014 6027 6038 
7 6420 6375 6325 6293 6265 6221 6187 
3 6344 6314 6255 
3 6256 6327 6328 
24 6420 6408 6394 6386 6370 6371 6365 6360 6347 6348 6336 6335 6324 6323 6311 6281 6224 6208 6176 6109 6064 6034 6005 5994 
6 6319 6217 6282 6204 6215 6087 
7 6331 6065 6355 6382 6222 6362 6313 
20 3566 3551 3537 3527 3520 3521 3523 3515 3517 3510 3503 3501 3479 3485 3476 3468 3464 3449 3447 3438 
9 3632 3402 3660 3761 3407 3304 3336 3383 3421 
12 3435 3457 3562 3511 3532 3442 3443 3351 3497 3431 3569 3491 
9 1643 1583 1540 1508 1489 1427 1373 1316 1253 
3 1532 1534 1352 
3 1370 1537 1492 
11 1643 1637 1634 1618 1616 1609 1601 1604 1603 1594 1584 
4 1703 1723 1514 1663 
4 1588 1614 1627 1649 
9 3146 3237 3340 3463 3587 3586 3585 3576 3566 
2 3353 3706 
2 3599 3341 
7 963 958 959 949 943 932 926 
2 986 988 
3 952 967 968 
9 1346 1343 1336 1330 1329 1321 1314 1312 1304 
4 1275 1412 1444 1237 
4 1300 1319 1358 1341 
13 3587 3586 3585 3576 3566 3596 3620 3711 3797 3871 3951 4036 4163 
4 3647 3823 3981 3957 
4 3953 3950 3622 3796 
17 3587 3463 3340 3237 3146 3143 3151 3150 3166 3164 3178 3179 3180 3187 3191 3194 3205 
4 3228 3234 3029 3246 
4 3189 3157 3197 3173 
23 2472 2442 2412 2383 2337 2312 2281 2221 2175 2150 2131 2086 2062 2015 1955 1915 1876 1844 1814 1789 1755 1671 1584 
10 2408 2360 2285 2195 2146 2076 1978 1868 1767 1780 
10 1959 1819 1753 2128 2065 2283 2177 2410 2340 1758 
19 2472 2459 2444 2418 2401 2489 2579 2643 2695 2748 2802 2836 2860 2934 2988 3032 3086 3142 3205 
7 2584 2725 2851 2861 3034 2995 3111 
7 2803 2857 2989 2697 2577 2986 3087 
7 2070 2020 1962 1886 1818 1733 1643 
8 2036 1963 1863 1807 1988 2043 2256 2230 
13 1958 2069 2103 2114 2130 2100 2105 2084 2132 1821 2081 2102 1815 
11 1392 1372 1346 1390 1415 1469 1527 1573 1632 1687 1749 
7 1456 1518 1647 1612 1183 1289 1079 
13 1420 1159 1161 1318 1105 1205 1268 1054 1524 1061 1626 1633 1266 
11 4595 4605 4621 4630 4642 4647 4650 4666 4680 4681 4695 
4 4715 4596 4756 4736 
4 4641 4636 4670 4698 
9 1398 1293 1208 1158 1104 1009 926 924 922 
1 1114 
0 
11 4952 5020 5100 5115 5132 5140 5156 5160 5171 5182 5197 
4 5214 5228 5248 5195 
4 5189 5200 5141 5165 
9 1022 1017 1015 1012 1006 995 987 980 978 
8 1041 1021 1263 1131 1081 1261 1151 1149 
40 1298 976 981 1221 1274 996 1045 1068 1062 1033 1277 982 1120 1130 1124 1044 1032 1117 1089 386 685 1290 975 357 1337 1094 1276 1128 1156 1133 1109 1323 1234 1180 1088 1194 1299 1096 1065 1322 
13 1022 1017 1015 1012 865 676 576 535 479 430 403 383 349 
2 501 408 
2 482 402 
13 5100 5020 4952 4959 4964 4966 4980 4984 4987 4993 4999 4998 5006 
4 5034 5056 4929 5086 
4 5015 4977 4990 4974 
11 1749 1743 1739 1725 1715 1701 1692 1678 1662 1655 1643 
7 1684 1805 1621 1845 1591 1779 1551 
7 1721 1673 1705 1652 1698 1730 1756 
9 4195 4192 4199 4185 4176 4182 4178 4172 4163 
4 4274 4083 4068 4241 
4 4136 4216 4123 4239 
11 5735 5691 5633 5577 5508 5467 5426 5412 5391 5258 5100 
6 5662 5625 5534 5501 5431 5376 
6 5505 5428 5636 5631 5510 5385 
15 1454 1455 1463 1462 1465 1411 1349 1287 1224 1199 1174 1146 1121 1043 978 
5 1401 1338 1249 1152 1135 
6 1344 1479 1166 1225 1122 1360 
9 1454 1361 1273 1207 1157 1101 1050 1004 963 
3 1269 1150 1053 
3 1046 1154 1270 
9 1454 1450 1440 1432 1421 1413 1404 1402 1398 
4 1386 1294 1530 1327 
4 1408 1429 1389 1437 
19 6503 6513 6521 6529 6543 6555 6561 6568 6573 6580 6583 6587 6596 6599 6600 6604 6606 6609 6612 
6 6472 6517 6558 6585 6589 6544 
8 6546 6562 6605 6514 6556 6548 6581 6598 
9 6503 6500 6491 6485 6477 6465 6450 6437 6420 
4 6435 6404 6401 6329 
4 6482 6467 6368 6440 
11 6032 6048 6056 6073 6089 6106 6111 6126 6139 6143 6150 
7 5999 6066 6237 6339 6494 6414 6410 
14 6354 6409 6421 6146 6047 6097 6430 6508 6257 6379 6460 6357 6402 6458 
15 2538 2476 2426 2388 2344 2327 2303 2262 2232 2206 2186 2154 2133 2094 2070 
6 2429 2455 2364 2306 2213 2104 
6 2118 2342 2419 2229 2295 2434 
9 2538 2527 2515 2516 2507 2505 2494 2488 2472 
3 2448 2441 2423 
3 2497 2483 2503 
19 1791 1768 1749 1808 1869 1909 1946 2010 2058 2077 2115 2197 2275 2377 2469 2530 2593 2622 2664 
12 1898 1949 2064 2120 2279 2452 2486 2578 2075 2492 2822 1922 
18 2823 2019 1854 2274 2471 2480 2087 1945 2590 1923 2089 2112 2817 2739 2467 2056 1871 1917 
15 1465 1462 1463 1455 1454 1494 1516 1546 1571 1624 1682 1711 1736 1792 1855 
5 1520 1549 1611 1685 1760 
4 1738 1519 1680 1575 
9 4642 4581 4520 4477 4446 4415 4376 4300 4195 
3 4530 4466 4365 
3 4447 4518 4371 
11 4642 4630 4621 4605 4595 4644 4697 4763 4833 4888 4952 
4 4704 4690 4853 4837 
4 4699 4692 4829 4834 
7 1794 1731 1676 1587 1504 1452 1398 
2 1697 1513 
2 1502 1679 
9 1794 1793 1791 1722 1666 1561 1445 1424 1392 
2 1656 1472 
2 1447 1664 
20 1486 1487 1475 1442 1418 1510 1596 1628 1650 1657 1660 1669 1675 1708 1745 1773 1843 1932 1967 2028 
7 1741 1852 1943 1284 1550 1265 1641 
23 1385 1353 1355 1466 1574 1407 1566 1501 1515 1505 1339 1369 1942 1783 1396 1351 1379 1362 1374 1366 1354 1357 1683 
7 3248 3238 3233 3221 3217 3212 3205 
3 3196 3320 3309 
3 3226 3250 3219 
9 1418 1442 1475 1487 1486 1482 1480 1471 1465 
2 1405 1582 
1 1493 
9 5006 4943 4892 4860 4830 4780 4743 4702 4642 
3 4920 4824 4729 
3 4894 4826 4740 
18 5197 5223 5256 5299 5335 5349 5390 5413 5422 5443 5466 5482 5522 5569 5608 5649 5725 5781 
12 5382 5424 5470 5456 5486 5574 5552 5670 5653 5400 5353 5440 
19 5253 5373 5570 5360 5323 5338 5444 5647 5414 5345 5650 5259 5348 5359 5566 5484 5346 5450 5389 
7 5335 5299 5256 5223 5197 5107 5006 
3 5380 5274 5267 
0 
21 1569 1597 1629 1677 1747 1775 1850 1960 1954 1944 1937 1933 1924 1914 1916 1919 1904 1899 1883 1875 1855 
10 1619 1761 1732 1828 2436 2046 2349 2218 2210 2424 
24 2023 2352 2021 1541 1971 1993 1839 2416 1887 2435 2439 2096 2192 2196 2191 1625 1769 1947 1927 1870 2264 2392 1994 2354 
25 4236 4165 4129 4069 4023 3978 3922 3902 3875 3854 3831 3778 3727 3663 3608 3550 3489 3458 3428 3397 3369 3313 3254 3230 3205 
11 4150 4046 3949 3906 3857 3760 3618 3509 3427 3389 3270 
11 3609 3924 3429 3874 3732 3832 3492 4132 3370 3253 4027 
7 4236 4230 4237 4212 4225 4197 4195 
2 4335 4318 
2 4263 4273 
9 1855 1848 1838 1836 1837 1826 1827 1804 1794 
3 1782 1941 1928 
3 1841 1849 1823 
18 1596 1771 1964 1961 1960 1954 1944 1937 1933 1924 1914 1916 1919 1904 1899 1883 1875 1855 
4 1856 2037 2073 1778 
0 
26 1596 1628 1650 1657 1660 1669 1675 1708 1745 1773 1843 1932 1967 2028 2119 2185 2368 2548 2604 2661 2687 2711 2732 2759 2801 2858 
5 2152 2519 2629 2636 2765 
6 2183 2708 2761 2539 2658 2659 
17 3682 3691 3699 3701 3708 3767 3814 3862 3912 3965 4011 4040 4059 4146 4219 4259 4345 
8 3593 3784 3811 3928 3927 4017 4074 4211 
9 4060 3911 4222 3713 3813 3914 4012 3675 4406 
11 3682 3656 3629 3610 3582 3524 3470 3445 3411 3335 3248 
4 3631 3547 3450 3453 
4 3416 3628 3469 3579 
14 1628 1596 1510 1418 1394 1380 1310 1251 1167 1090 1012 1015 1017 1022 
3 1381 1231 1091 
3 1375 1086 1240 
13 6543 6529 6521 6513 6503 6480 6436 6392 6338 6312 6303 6292 6276 
4 6461 6457 6320 6321 
4 6304 6330 6438 6439 
13 6089 6024 5962 5900 5852 5821 5781 5774 5769 5768 5757 5746 5735 
7 5988 5984 5870 5847 5729 5683 5803 
7 5744 5854 5849 5961 5964 5762 5770 
13 4695 4705 4708 4718 4724 4735 4747 4787 4851 4917 4961 5027 5119 
2 4667 4973 
4 4694 4960 4739 4712 
9 4695 4654 4633 4573 4500 4395 4290 4284 4236 
4 4608 4547 4482 4349 
4 4505 4625 4495 4294 
11 4797 4869 4934 4988 5058 5069 5095 5097 5094 5111 5119 
3 4944 5163 5004 
4 4933 5105 5076 4795 
9 4797 4757 4695 4705 4708 4718 4724 4735 4747 
2 4637 4771 
0 
11 5058 4988 4934 4869 4797 4802 4814 4817 4832 4838 4851 
3 4798 4942 4895 
2 4844 4827 
7 5058 5050 5036 5031 5026 5016 5006 
2 4935 5096 
2 5044 5022 
9 3318 3186 3028 3007 2979 2869 2727 2650 2538 
3 3061 3000 2721 
3 2980 3026 2720 
9 3318 3311 3305 3300 3285 3281 3276 3258 3248 
3 3398 3148 3339 
3 3267 3291 3315 
13 2664 2657 2639 2633 2617 2612 2602 2598 2587 2586 2585 2560 2538 
5 2565 2491 2473 2449 2766 
5 2625 2591 2608 2599 2575 
21 3708 3701 3699 3691 3682 3746 3791 3846 3891 3917 3938 3964 3991 4010 4035 4054 4078 4135 4187 4213 4287 
10 3777 3884 3887 3970 3983 4031 4071 4101 4181 4061 
10 4082 3989 3890 3788 4076 4058 3941 3889 4186 4033 
27 1960 1961 1964 1968 1969 1973 1975 1984 1991 1990 1989 1999 2013 2016 2028 2119 2185 2368 2548 2604 2661 2687 2711 2732 2759 2801 2858 
4 2124 2082 2710 2204 
5 1785 2022 2159 2005 1979 
13 5530 5504 5487 5468 5448 5423 5407 5362 5306 5246 5191 5135 5058 
8 5483 5449 5405 5309 5310 5164 5459 5580 
12 5545 5408 5540 5485 5183 5308 5536 5544 5305 5549 5553 5451 
7 1975 1894 1835 1777 1699 1674 1657 
1 1865 
1 1840 
9 1975 1973 1969 2009 2288 2556 2596 2703 2780 
0 
0 
13 4287 4297 4286 4312 4341 4331 4345 4343 4373 4352 4340 4367 4377 
4 4198 4509 4458 4253 
3 4260 4301 4419 
11 4287 4285 4293 4275 4257 4269 4246 4261 4272 4244 4236 
4 4370 4170 4159 4403 
4 4215 4332 4204 4299 
11 5672 5750 5817 5825 5833 5835 5843 5846 5858 5859 5862 
6 5864 5944 5888 5766 5607 5629 
13 5687 5707 5697 5589 5588 5879 5840 5685 5572 5626 5695 5677 5863 
7 5817 5750 5672 5623 5597 5568 5530 
3 5689 5594 5675 
3 5595 5673 5666 
7 5817 5811 5802 5795 5786 5783 5781 
3 5761 5844 5755 
3 5816 5790 5782 
15 6573 6568 6561 6555 6543 6511 6489 6446 6396 6373 6346 6269 6186 6147 6089 
6 6496 6407 6317 6387 6192 6400 
6 6337 6372 6353 6185 6397 6488 
11 6150 6093 6054 6029 6009 5967 5917 5887 5851 5838 5817 
5 6039 6031 5932 5912 5853 
5 5915 5850 6049 6010 5920 
9 2700 2704 2707 2819 2921 2957 3005 3055 3114 
7 2916 3022 2169 2498 2623 2380 2251 
18 2510 2157 2321 2583 2671 2205 2136 2431 2646 2920 3008 2370 2506 2158 2259 2638 2369 2255 
9 3729 3687 3665 3616 3563 3467 3384 3357 3318 
4 3641 3571 3553 3414 
4 3386 3559 3564 3661 
7 3729 3724 3728 3714 3703 3705 3708 
2 3770 3592 
2 3738 3689 
13 4747 4754 4755 4761 4770 4778 4782 4783 4785 4793 4804 4805 4810 
2 4836 4863 
4 4818 4744 4779 4790 
11 2707 2458 2266 2162 2049 1972 1860 1833 1794 1793 1791 
5 2456 2318 2098 1913 2462 
5 1866 2268 2055 2450 2461 
13 4851 4855 4862 4866 4872 4881 4882 4898 4908 4913 4925 5053 5199 
2 4799 4965 
4 4874 4856 4893 4922 
15 4341 4312 4286 4297 4287 4384 4426 4457 4496 4537 4572 4603 4632 4682 4747 
5 4449 4474 4601 4582 4648 
5 4575 4491 4627 4425 4567 
11 5119 5027 4961 4917 4851 4855 4862 4866 4872 4881 4882 
2 4938 4956 
0 
11 4345 4331 4341 4388 4396 4461 4539 4604 4661 4719 4770 
3 4418 4522 4665 
3 4393 4658 4534 
7 5307 5288 5268 5239 5217 5172 5119 
2 5279 5221 
2 5218 5270 
7 4770 4761 4755 4754 4747 4787 4851 
1 4688 
0 
21 2749 2691 2634 2570 2499 2465 2432 2404 2395 2356 2294 2231 2179 2149 2123 2057 2003 1976 1939 1901 1855 
12 2654 2549 2478 2405 2326 2328 2198 2117 2018 1951 2203 2468 
12 2297 2630 2409 2422 2190 2180 2002 2396 1938 2296 2502 2116 
9 2749 2740 2741 2734 2728 2722 2715 2712 2707 
4 2807 2640 2626 2791 
4 2714 2731 2702 2756 
11 4882 4819 4770 4778 4782 4783 4785 4793 4804 4805 4810 
1 4711 
0 
17 5862 5804 5752 5732 5713 5686 5657 5615 5575 5550 5525 5480 5442 5410 5366 5331 5307 
8 5771 5748 5651 5587 5538 5503 5432 5411 
8 5753 5371 5715 5527 5520 5576 5439 5654 
19 6596 6582 6565 6549 6530 6518 6507 6478 6422 6349 6291 6254 6206 6191 6184 6175 6170 6163 6150 
9 6569 6540 6510 6454 6411 6286 6283 6120 6228 
9 6419 6182 6505 6564 6425 6189 6157 6288 6531 
17 3446 3459 3474 3473 3478 3481 3486 3496 3506 3505 3504 3513 3519 3526 3529 3530 3545 
9 3600 3405 3418 3640 3223 3037 3192 3352 3359 
22 3174 3508 3324 3215 3105 3103 3002 3003 3516 3216 2925 3050 3195 3275 3385 3133 3175 3494 3323 3548 3329 3493 
15 3446 3434 3417 3406 3396 3393 3380 3373 3366 3356 3349 3347 3345 3327 3318 
6 3344 3256 3236 3456 3209 3439 
6 3363 3330 3382 3374 3358 3401 
11 6206 6171 6137 6084 6044 6001 5959 5939 5921 5894 5862 
5 6144 6069 6051 5954 5936 
5 5922 5958 6042 6136 6046 
14 3575 3578 3584 3639 3694 3754 3812 3837 3860 4164 4523 4551 4568 4577 
6 3498 3692 4676 3635 3460 3472 
13 3861 3686 3531 3525 3560 4594 4660 3534 3554 3556 3567 3552 3535 
11 3114 3199 3272 3371 3486 3615 3725 3780 3830 3855 3881 
3 3297 3733 3825 
3 3828 3273 3723 
13 2523 2402 2319 2153 1975 1984 1991 1990 1989 1999 2013 2016 2028 
3 2304 1881 2302 
2 2316 2320 
13 4377 4282 4255 4193 4143 4081 4032 3985 3931 3882 3838 3786 3729 
9 4262 4157 4137 4022 4041 3948 3932 3853 3959 
9 4145 3934 4001 4037 4139 4256 4030 3930 3840 
12 2556 2596 2703 2780 2776 2773 2769 2763 2760 2752 2754 2749 
3 2628 2902 2688 
3 2781 2753 2737 
23 2603 2696 2773 2776 2780 2783 2785 2790 2799 2796 2795 2805 2815 2814 2813 2821 2830 2831 2840 2846 2847 2855 2858 
10 2730 2893 2738 2870 2751 2926 2928 2742 2758 2952 
12 2784 2794 2816 2917 2829 2854 2834 2772 2843 2818 2581 2495 
7 2603 2588 2305 2000 1964 1968 1969 
1 2648 
1 2615 
11 2596 2703 2780 2849 2886 2972 3075 3181 3235 3436 3630 
1 3280 
2 3239 2883 
23 4925 5053 5199 5244 5287 5322 5378 5417 5453 5474 5494 5537 5584 5602 5619 5641 5678 5727 5767 5797 5836 5866 5902 
13 5462 5437 5542 5573 5571 5660 5702 5701 5787 5829 5692 5808 5560 
15 5457 5624 5679 5680 5581 5555 5579 5381 5776 5663 5834 5447 5507 5773 5281 
15 3793 3787 3789 3781 3771 3774 3775 3768 3758 3762 3764 3748 3740 3736 3729 
7 3829 3659 3866 3644 3849 3655 3836 
7 3722 3763 3802 3753 3749 3772 3783 
13 5199 5053 4925 4932 4940 4877 4810 4823 4828 4846 4854 4870 4879 
2 4773 4742 
2 4841 4813 
11 5199 5188 5170 5168 5167 5155 5152 5143 5137 5134 5119 
4 5093 5265 5243 5063 
4 5162 5122 5187 5158 
9 2773 2696 2603 2588 2305 2000 1964 1961 1960 
0 
0 
11 4810 4877 4940 4958 4969 4972 4985 4989 5003 5000 5009 
3 5108 5127 5089 
3 4994 4983 5018 
11 4810 4726 4626 4599 4570 4542 4503 4468 4440 4435 4377 
5 4656 4587 4533 4476 4669 
5 4631 4645 4571 4502 4441 
7 2780 2703 2596 2601 2569 2540 2523 
1 2619 
1 2594 
17 3478 3413 3365 3308 3244 3203 3144 3059 2987 2865 2700 2693 2690 2684 2679 2675 2664 
3 3165 2811 2606 
6 2985 2699 3362 2665 3243 3145 
7 4940 4932 4925 4913 4908 4898 4882 
1 5072 
1 4963 
13 5378 5322 5287 5244 5199 5203 5219 5222 5242 5260 5280 5286 5296 
6 5277 5283 5304 5367 5401 5465 
5 5225 5356 5257 5433 5294 
7 5378 5361 5351 5340 5339 5319 5307 
3 5384 5430 5418 
2 5363 5354 
15 3486 3371 3272 3199 3114 3122 3132 3130 3140 3139 3137 3152 3171 3169 3176 
3 3198 3033 3245 
3 3185 3147 3129 
13 3486 3481 3478 3413 3365 3308 3244 3203 3144 3059 2987 2865 2700 
3 3367 3241 2992 
0 
9 3176 3131 3102 3044 2996 2955 2913 2845 2749 
3 3091 3011 2924 
3 2997 3100 2912 
19 2548 2604 2661 2687 2711 2732 2759 2801 2858 2864 2871 2875 2885 2884 2882 2898 2911 2918 2929 
6 2947 2990 2762 2975 3101 3121 
6 2879 2876 3058 3038 2927 2895 
13 2548 2547 2541 2536 2545 2534 2542 2532 2531 2529 2533 2526 2523 
7 2394 2627 2618 2642 2427 2635 2624 
7 2563 2561 2562 2558 2514 2554 2522 
11 5902 5905 5910 5918 5929 5935 5934 5941 5949 5955 5969 
4 5867 5796 5897 6019 
6 5960 5913 5886 5938 5923 5903 
7 5902 5895 5893 5883 5881 5868 5862 
2 5957 5947 
2 5898 5889 
22 4465 4499 4483 4469 4501 4523 4164 3860 3837 3812 3754 3694 3639 3584 3568 3536 3499 3446 3459 3474 3473 3478 
4 4614 4635 3574 3539 
3 4561 4554 3540 
15 4465 4459 4436 4452 4429 4439 4453 4433 4410 4421 4434 4408 4380 4391 4377 
6 4348 4323 4563 4268 4553 4319 
6 4398 4494 4473 4386 4337 4330 
11 6287 6391 6497 6509 6523 6524 6532 6533 6534 6541 6545 
4 6481 6572 6495 6584 
8 6493 6542 6563 6594 6525 6578 6576 6607 
9 6287 6279 6270 6260 6252 6240 6223 6214 6206 
5 6203 6334 6309 6179 6302 
5 6210 6238 6284 6253 6266 
11 6523 6509 6497 6391 6287 6290 6296 6298 6301 6306 6307 
2 6364 6277 
2 6300 6295 
7 6523 6536 6554 6577 6590 6602 6612 
2 6552 6595 
2 6592 6553 
7 3075 2972 2886 2849 2780 2776 2773 
1 2881 
0 
29 4469 4405 4363 4298 4251 4191 4148 4104 4070 4034 3994 3940 3894 3851 3793 3739 3677 3625 3575 3578 3584 3568 3536 3499 3446 3459 3474 3473 3478 
8 4354 4271 4173 4064 3990 3904 3672 4194 
8 4252 3998 4141 4067 3679 4364 3895 4149 
12 4469 4483 4499 4465 4538 4550 4639 4725 4751 4767 4807 4879 
3 4585 4758 4769 
3 4727 4766 4549 
7 3545 3482 3432 3346 3266 3214 3176 
2 3440 3271 
2 3423 3264 
7 4523 4164 3860 3837 3812 3801 3793 
1 3880 
0 
9 4879 4902 4916 4931 4937 4957 4970 5028 5098 
1 4781 
2 4897 4927 
13 5929 5918 5910 5905 5902 5942 5981 6045 6114 6183 6241 6259 6287 
6 5882 5976 5971 6099 6236 6083 
4 5978 6081 6110 6239 
17 5009 5109 5193 5235 5296 5399 5473 5518 5563 5604 5644 5742 5822 5842 5860 5904 5969 
8 5464 5556 5585 5726 5676 5861 5741 5885 
9 5561 5643 5565 5472 5823 5646 5194 5857 5819 
9 5009 4945 4879 4902 4916 4931 4937 4957 4970 
1 4812 
0 
11 6307 6280 6233 6194 6155 6135 6104 6036 5974 5950 5929 
6 6227 6164 6077 6096 6000 5993 
6 6154 6100 6105 6230 5973 5977 
9 6307 6333 6361 6428 6492 6502 6519 6527 6545 
2 6377 6535 
2 6522 6363 
11 3588 3607 3621 3624 3630 3650 3670 3700 3726 3744 3757 
8 3502 3847 4238 4609 4409 4308 3982 4179 
23 3680 3955 4168 4334 4218 4221 3606 4612 4411 4374 4279 4525 3803 4053 4189 3533 3710 4327 3954 4413 4617 4167 3648 
22 4303 4353 4463 4577 4592 4607 4629 4643 4651 4668 4583 4471 4407 4336 4280 4223 4174 4115 4042 3967 3942 3913 
5 4451 4306 4117 4093 4428 
11 4659 4460 4090 4109 4431 3966 4220 4295 4329 4634 4479 
9 3913 3907 3899 3897 3892 3893 3896 3885 3881 
3 3963 3833 3944 
3 3903 3910 3879 
13 3062 3124 3190 3222 3282 3307 3332 3395 3454 3557 3636 3693 3757 
7 3310 3455 3654 3232 3301 3159 3184 
16 3063 3089 3286 3296 3637 3269 3284 3076 3095 3331 3452 3067 3070 3081 3064 3113 
9 2929 2729 2504 2454 2406 2367 2301 2170 2028 
3 2552 2446 2310 
3 2307 2411 2509 
15 4577 4463 4353 4303 4281 4125 3993 3968 3936 3841 3731 3667 3611 3555 3478 
4 4013 3918 3743 3627 
4 3614 3933 3996 3730 
9 3621 3607 3588 3573 3545 3688 3820 3865 3913 
2 3718 3821 
1 3819 
7 3190 3124 3062 2993 2946 2905 2858 
2 3071 2942 
1 2949 
9 3630 3624 3621 3500 3377 3225 3080 2945 2773 
4 3404 3119 3292 3448 
8 3490 3437 3495 3391 3433 3462 3375 3082 
17 3282 3222 3190 3177 3149 3141 3125 3126 3127 3117 3110 3107 3106 3092 3088 3084 3075 
7 3056 3043 3242 3031 3182 3016 3160 
7 3112 3136 3109 3134 3073 3093 3115 
32 4970 4976 4982 5090 5181 5383 5528 5548 5567 5578 5591 5593 5598 5599 5600 5609 5611 5617 5618 5627 5640 5652 5665 5700 5718 5758 5791 5832 5896 5933 6035 6156 
12 5435 5664 5690 5421 5547 5828 5558 5711 6167 5818 5990 5723 
24 5655 5554 6127 6145 5717 5185 5612 5630 5596 5759 5606 5931 5793 5539 5985 5916 6050 5983 5613 6122 6165 5704 5705 5601 
11 5098 5077 5065 5048 5040 5021 5009 5109 5193 5235 5296 
3 5136 5174 5211 
2 5082 5054 
8 4982 4976 4970 4909 4843 4811 4759 4710 
1 4842 
2 4840 4709 
16 4668 4651 4643 4629 4607 4514 4445 4346 4240 4208 4166 4106 4062 4014 3952 3881 
7 4576 4731 4438 4217 4100 4025 4245 
5 4210 4224 4016 4105 4443 
7 5364 5290 5208 5151 5098 5028 4970 
1 5224 
1 5206 
11 5364 5355 5352 5342 5332 5333 5324 5320 5315 5303 5296 
4 5409 5264 5247 5436 
4 5329 5365 5311 5321 
18 4414 4480 4558 4640 4734 4706 4668 4651 4643 4629 4607 4646 4662 4741 4822 4858 4921 4982 
7 4591 4800 4616 4714 4878 4358 4820 
12 4417 4859 4750 4753 4745 4402 4700 4663 4559 4424 4416 4671 
14 4706 4668 4583 4471 4407 4336 4280 4223 4174 4115 4042 3967 3942 3913 
3 4512 4227 3980 
0 
10 4138 3984 3822 3630 3650 3670 3700 3726 3744 3757 
6 4112 3583 4057 4102 4202 4038 
6 4160 4028 4144 3986 4065 4043 
19 5528 5383 5181 5090 4982 4992 5011 5019 5038 5046 5062 5080 5102 5114 5123 5126 5130 5150 5169 
9 5213 5074 5196 5301 5177 4986 5255 5064 5029 
12 4941 4996 5087 5091 5154 4971 5084 4997 5023 5052 5139 5117 
19 4734 4640 4558 4480 4414 4404 4394 4326 4276 4254 4226 4196 4175 4092 4018 3979 3925 3920 3913 
7 4379 4283 4250 4183 4161 4019 3859 
7 3915 4177 4171 4400 4228 4015 4277 
9 6057 6043 6028 6023 6017 6004 5998 5986 5969 
6 5940 6095 6053 6078 6121 6132 
6 6094 5982 6130 6006 6021 6025 
30 6052 6055 6061 6063 6070 6072 6075 6079 6086 6090 6108 6112 6115 6125 6131 6133 6134 6142 6151 6152 6156 6035 5933 5896 5832 5791 5758 5718 5700 5665 
9 6103 6124 5951 6169 6148 6180 6040 6197 6201 
10 6067 5869 6068 6173 6098 6116 6080 6141 6162 6123 
21 6469 6310 6199 6138 6057 6033 6011 5970 5925 5876 5827 5772 5712 5688 5659 5628 5614 5551 5490 5429 5364 
8 6247 5997 5914 5820 5710 5639 5603 5499 
8 6008 5709 5824 6200 5924 5489 5610 5642 
19 6469 6466 6464 6447 6431 6418 6406 6405 6403 6395 6388 6385 6381 6367 6350 6345 6340 6315 6307 
12 6499 6484 6342 6471 6316 6434 6251 6448 6424 6550 6520 6537 
12 6473 6366 6516 6445 6398 6412 6376 6512 6393 6487 6356 6332 
18 6475 6571 6620 6633 6653 6660 6661 6659 6651 6634 6622 6610 6603 6591 6579 6559 6515 6469 
6 6625 6642 6617 6597 6547 6588 
6 6631 6613 6593 6586 6557 6636 
11 6475 6426 6383 6359 6326 6294 6263 6212 6181 6117 6052 
5 6413 6318 6258 6172 6274 
5 6261 6264 6322 6177 6389 
11 6659 6661 6660 6662 6663 6658 6645 6608 6570 6526 6486 
5 6648 6574 6384 6506 6358 
14 6567 6560 6501 6575 6551 6644 6343 6299 6490 6504 6528 6566 6498 6341 
19 6659 6657 6656 6654 6652 6650 6647 6646 6640 6639 6637 6635 6630 6628 6627 6623 6618 6616 6612 
7 6641 6629 6624 6621 6619 6611 6601 
8 6615 6655 6626 6638 6643 6632 6614 6649 
18 4087 4203 4338 4351 4368 4430 4487 4535 4574 4600 4628 4652 4684 4768 4850 4939 5035 5081 
13 4679 4852 3992 3999 4235 4597 4606 4462 4247 4707 4378 4111 4422 
30 4075 4080 4397 4169 4113 4362 4375 4361 4355 4696 4578 4584 4423 4085 4128 4096 4120 4108 4130 4107 4381 4356 4486 4360 4147 4127 4848 4623 4118 4392 
18 4314 4325 4338 4351 4368 4430 4487 4535 4574 4600 4628 4652 4684 4768 4850 4939 5035 5081 
3 4470 4566 4868 
3 5041 4806 4305 
10 4815 4801 4789 4677 4588 4515 4437 4369 4302 4138 
5 4619 4342 4746 4775 4620 
13 4786 4728 4765 4730 4776 4589 4649 4788 4701 4752 4774 4442 4304 
13 5169 5179 5190 5207 5231 5292 5330 5404 5455 5495 5535 5620 5736 
11 5368 5427 5463 5557 5669 5756 6231 6113 5891 5488 6118 
24 5751 5739 5541 5743 5778 5749 5785 5334 5460 5481 6092 6161 5963 6091 6220 6219 5784 5839 6242 5452 5855 6267 5794 5856 
13 3888 3843 3798 3721 3634 3565 3471 3410 3364 3283 3208 3040 2929 
5 3795 3742 3528 3480 3211 
5 3210 3643 3475 3809 3392 
15 3888 3869 3863 3856 3858 3844 3827 3818 3806 3808 3807 3792 3782 3776 3757 
9 4124 3962 3697 3976 3704 3868 3684 3287 3507 
9 3845 3974 3773 3815 3394 3612 3867 3790 3816 
10 5190 5002 4789 4677 4588 4515 4437 4369 4302 4138 
1 4478 
0 
11 5190 5179 5169 5227 5285 5387 5461 5479 5500 5583 5665 
4 5293 5434 5543 5419 
4 5497 5282 5441 5445 
7 4338 4203 4087 3995 3900 3842 3757 
2 4021 3909 
1 3898 
11 4351 4338 4325 4314 4317 4307 4310 4296 4291 4278 4138 
5 4472 4399 4385 4545 4529 
5 4328 4467 4322 4454 4309 
17 4368 4351 4338 4325 4314 4555 4722 4764 4803 4899 4981 5051 5118 5148 5180 5226 5295 
5 4678 4777 4947 5144 5175 
9 4686 4975 4791 4721 4683 5120 5178 4674 4664 
11 5231 5161 5110 5070 5039 4979 4914 4891 4875 4849 4815 
5 5104 5005 4918 4910 4901 
5 4930 4912 4904 5113 5032 
9 5231 5207 5190 5372 5493 5562 5622 5638 5681 
4 5514 5616 5901 5826 
8 5496 5800 5747 5837 5872 5874 5621 5801 
7 5295 5276 5271 5249 5232 5234 5231 
2 5318 5146 
2 5278 5220 
20 6486 6476 6462 6463 6456 6452 6441 6442 6432 6429 6423 6433 6443 6455 6459 6468 6470 6479 6474 6475 
8 6399 6390 6380 6285 6538 6369 6417 6539 
8 6453 6416 6451 6444 6483 6449 6427 6374 
27 5736 5745 5740 5734 5730 5721 5714 5708 5694 5681 5674 5665 5700 5718 5758 5791 5832 5896 5933 6035 6156 6211 6278 6305 6351 6415 6486 
9 5658 5590 5754 5724 5813 5909 6273 6378 5799 
6 5661 5789 5731 6275 5720 6352 
19 5395 5396 5397 5272 5121 5081 5101 5116 5149 5157 5184 5173 5198 5186 5202 5216 5212 5033 4883 
10 5159 4865 4953 4915 5088 5526 5112 5648 4924 5524 
18 4890 5635 5815 5805 5129 5085 5014 5125 5153 5068 5513 5512 5515 5634 5124 5582 5454 5733 
17 5395 5392 5386 5375 5358 5347 5337 5325 5312 5302 5295 5402 5477 5519 5564 5632 5736 
7 5298 5420 5471 5252 5388 5506 5532 
7 5374 5394 5377 5559 5326 5478 5327 
7 4883 4713 4513 4288 4119 4006 3888 
2 4653 4190 
2 4540 4121 
