13 284 389 496 513 593 654 763 953 1097 1160 1187 1220 1262 
2 772 1115 
6 311 1168 1246 666 1167 239 
21 330 355 371 385 398 404 412 428 452 467 480 497 518 533 559 575 597 618 645 675 721 
12 435 414 515 476 554 525 592 663 617 464 392 450 
11 633 661 416 543 761 468 474 391 569 446 528 
9 513 454 423 374 330 355 371 385 398 
2 483 421 
1 441 
18 398 385 371 355 330 248 112 56 44 40 33 34 28 30 24 26 20 17 
6 66 68 65 52 71 77 
6 37 54 39 2 43 11 
12 209 234 257 268 282 299 306 319 325 345 366 399 
6 240 358 409 378 529 481 
4 360 310 221 332 
33 209 193 182 160 143 133 124 119 115 102 93 89 87 94 98 114 131 137 149 169 189 206 220 227 233 241 250 267 293 314 344 370 398 
19 204 148 101 122 82 150 170 159 200 247 230 303 271 393 323 202 161 245 212 
15 352 184 121 186 135 238 242 117 151 139 90 304 214 286 334 
13 1437 1395 1359 1325 1262 1295 1319 1341 1351 1365 1388 1406 1417 
14 1226 1232 1416 1252 1031 1054 1110 1141 1150 969 1356 1436 1512 1563 
21 1286 1369 1434 1478 1414 1372 1517 1572 1360 1440 1451 1458 1552 1600 1621 1541 1377 1334 1470 1452 1565 
21 1549 1641 1720 1794 1919 2006 2048 2080 2117 2158 2202 2289 2390 2453 2598 2678 2764 2897 2944 3011 3076 
8 2061 2139 2254 2490 2741 2958 1610 1523 
17 1904 1567 1676 1618 1791 1629 2951 2054 1728 2215 1644 2132 1556 1574 2691 2409 3114 
15 268 257 234 209 194 183 180 163 162 156 166 167 181 187 196 
4 147 85 125 136 
4 157 146 153 175 
7 1919 1794 1720 1641 1549 1485 1437 
1 1785 
0 
21 721 675 645 618 597 582 562 553 545 527 499 479 455 431 407 390 365 315 277 272 268 
24 573 547 503 492 432 469 357 273 261 551 408 436 470 651 507 243 429 427 519 546 354 403 359 485 
9 565 347 556 424 535 270 449 488 376 
9 721 689 672 625 606 581 574 542 513 
7 885 831 745 623 876 904 820 
3 603 638 715 
13 4253 4231 4209 4237 4257 4212 4175 4141 4121 4104 4087 4045 3990 
3 4228 4092 4006 
11 4274 4318 4347 4255 4185 4080 4131 4098 3986 4222 4168 
10 196 154 123 103 86 73 60 50 36 17 
3 109 83 51 
3 116 57 81 
13 3193 3227 3262 3271 3294 3373 3475 3476 3479 3413 3358 3374 3391 
10 3293 3469 3547 3763 3846 3988 3593 3325 3682 3379 
31 3485 3581 3427 3529 3533 3478 3750 3794 3382 3745 3940 3933 3279 3286 3790 3586 3687 3298 3712 3501 3241 3629 3165 3328 3434 3855 3554 3760 4056 3387 3689 
13 4257 4283 4309 4330 4345 4377 4482 4562 4578 4404 4178 4186 4219 
0 
2 4591 4438 
28 4257 4212 4175 4141 4121 4104 4087 4045 3990 3953 3886 3826 3770 3723 3704 3680 3647 3621 3536 3456 3428 3400 3348 3294 3271 3262 3227 3193 
6 3861 3724 3660 3606 3445 3386 
6 3720 3451 3820 3614 3669 3389 
7 399 342 285 259 235 217 196 
2 255 232 
2 278 236 
7 4345 4330 4309 4283 4257 4237 4209 
0 
0 
12 4330 4309 4283 4257 4212 4175 4141 4121 4104 4087 4045 3990 
2 4173 4111 
0 
20 3294 3373 3475 3476 3479 3542 3610 3574 3524 3356 3219 3209 3172 3141 3108 3075 3010 2932 2847 2693 
9 3140 3094 3040 2921 2747 2962 2952 3039 3032 
6 3467 3173 3126 2917 3062 2736 
25 2129 2166 2149 2182 2188 2229 2272 2274 2305 2348 2365 2404 2439 2463 2492 2532 2535 2566 2601 2628 2693 2713 2823 2946 2982 
17 2172 2271 2452 2299 2426 2676 2000 2621 2526 2697 2197 2086 2113 2774 2564 2604 2115 
17 2040 2130 2226 2013 2633 1995 2483 2497 2432 3002 3137 2118 2120 2388 2306 2420 2321 
10 2149 2166 2129 2122 2114 2070 2018 1993 1952 1919 
8 2283 2148 2802 2746 2771 2716 2619 2617 
2 2046 2170 
21 177 237 302 367 459 486 498 520 539 591 644 670 684 705 727 755 787 815 855 888 929 
11 631 655 708 706 828 747 881 830 786 726 667 
11 725 685 781 444 801 863 646 642 484 846 524 
8 177 158 111 53 22 19 15 17 
1 1 
1 7 
7 2188 2182 2149 1873 1674 1558 1417 
3 1707 1261 1986 
1 1699 
12 989 1026 1040 1072 1125 1144 1181 1237 1292 1312 1399 1503 
4 665 1263 1272 1290 
7 1275 1205 1070 1023 1265 1253 1650 
23 88 75 69 59 58 48 45 41 35 27 23 14 13 10 9 6 4 3 0 18 78 113 177 
27 80 76 64 47 38 29 21 8 74 92 95 164 120 165 97 105 96 31 108 128 176 171 142 25 110 49 99 
14 32 42 55 12 70 130 173 84 106 144 5 16 67 129 
14 91 185 296 368 462 509 504 491 536 568 648 723 810 893 
13 583 712 79 145 201 210 100 132 155 216 211 305 62 
27 134 152 46 72 225 179 107 188 571 192 168 104 140 127 172 138 195 197 252 283 295 141 226 118 61 713 63 
11 1026 1249 1316 1302 1344 1393 1422 1449 1466 1494 1510 
0 
2 1542 1280 
21 3479 3476 3475 3518 3552 3585 3626 3646 3691 3703 3731 3754 3795 3814 3848 3862 3894 3928 3989 3998 3990 
8 3620 3698 3751 3778 3836 3895 3962 4048 
8 3705 3746 3813 3868 3914 3562 3643 4015 
32 302 237 177 190 199 205 219 229 249 258 265 275 281 289 301 308 312 324 328 338 353 369 386 401 405 417 422 434 451 463 473 491 
43 223 298 203 228 222 300 316 224 340 244 362 381 276 379 320 443 331 442 461 394 493 514 555 540 541 516 246 291 269 508 262 292 388 420 430 350 475 263 251 178 126 487 506 
23 288 207 380 437 410 287 260 387 264 457 231 208 348 411 256 494 477 253 336 307 318 356 317 
23 1302 1254 1214 1149 1051 1042 989 933 916 889 853 823 789 762 729 692 641 608 566 523 465 438 399 
25 1155 1083 868 826 766 627 621 534 440 594 1239 532 564 809 1191 530 538 751 722 1308 584 824 635 793 466 
11 557 842 1202 456 902 628 716 1044 780 1258 1270 
20 1302 1254 1214 1149 1051 1042 989 964 932 917 901 873 867 836 832 799 788 791 748 721 
5 804 965 750 730 985 
6 850 948 840 877 767 803 
7 4578 4404 4178 3871 3607 3612 3635 
0 
0 
49 4578 4404 4178 4186 4219 4258 4275 4311 4353 4367 4385 4397 4412 4427 4441 4472 4481 4500 4511 4525 4529 4538 4541 4545 4555 4556 4565 4570 4574 4582 4588 4592 4593 4600 4606 4611 4615 4618 4622 4617 4604 4605 4607 4523 4516 4510 4514 4521 4515 
47 4251 4336 4380 4394 4443 4494 4505 4513 4543 4568 4580 4587 4594 4523 4625 4609 4630 4518 4526 4484 4341 4223 4629 4340 4421 4267 4323 4575 4506 4539 4304 4414 4334 4640 4608 4487 4466 4569 4520 4384 4192 4560 4233 4561 4271 4132 4454 
18 4599 4628 4263 4601 4519 4533 4391 4566 4633 4623 4627 4358 4547 4474 4610 4584 4418 4589 
7 3391 3366 3321 3244 3110 3081 3076 
10 3105 3248 2930 3057 3083 3006 3015 2882 2853 3008 
0 
16 1249 1026 989 964 932 917 901 873 867 836 832 799 788 791 748 721 
3 777 704 1012 
0 
10 1249 1072 1125 1144 1181 1237 1292 1312 1399 1503 
1 962 
0 
41 459 367 302 322 343 363 373 383 395 406 425 460 490 505 510 522 526 544 561 572 585 598 613 624 634 640 647 660 669 682 693 699 714 732 753 773 795 819 858 874 893 
49 321 375 309 396 372 439 400 471 413 445 531 472 495 502 558 578 691 683 600 616 688 649 724 709 778 856 872 770 731 736 701 610 604 426 327 341 377 280 313 337 361 774 758 892 637 744 742 673 626 
27 333 636 576 384 402 677 611 552 346 482 864 643 501 676 757 659 806 500 702 696 521 448 382 656 349 433 418 
7 3610 3542 3479 3413 3358 3374 3391 
0 
0 
7 1591 1550 1516 1510 1494 1466 1449 
0 
0 
11 539 520 498 486 459 517 577 609 657 733 839 
6 489 458 415 602 698 620 
2 596 681 
12 294 326 364 397 453 491 536 568 648 723 810 893 
3 329 198 213 
7 254 191 174 215 290 351 218 
13 294 297 296 368 462 509 537 570 587 612 630 679 718 
18 615 650 882 658 829 943 1000 937 274 335 972 920 419 279 339 1076 1028 878 
11 478 590 749 783 769 784 588 580 678 632 447 
24 3524 3574 3610 3749 3867 3918 3955 3996 4009 4039 4047 4075 4086 4116 4128 4155 4160 4189 4198 4235 4241 4279 4317 4330 
9 3830 3883 3921 3976 4026 4034 4107 4140 4157 
9 4102 3982 3922 3843 4059 4135 4020 4171 4213 
15 1528 1530 1557 1623 1685 1704 1749 1783 1799 1835 1860 1899 1948 1994 2050 
3 1900 1973 1912 
6 1569 1590 1583 1562 1869 1958 
16 839 866 879 908 929 938 955 967 978 992 1009 1015 1029 1030 1037 1045 
16 963 1022 947 957 946 918 898 664 711 838 822 942 886 1063 907 883 
18 983 834 1010 913 909 911 1002 1014 790 869 934 835 906 740 833 975 1024 854 
10 491 504 509 537 570 587 612 630 679 718 
1 511 
0 
11 491 453 397 364 326 294 297 296 185 91 88 
1 266 
0 
7 1685 1623 1557 1530 1528 1488 1449 
0 
0 
11 1685 1643 1591 1586 1576 1536 1501 1483 1450 1428 1417 
7 1653 1427 1335 1347 1375 1374 1420 
2 1608 1465 
7 509 462 368 296 185 91 88 
0 
0 
9 929 908 879 866 839 865 900 940 988 
9 847 764 931 923 1175 912 945 936 794 
4 1086 1164 914 1172 
13 967 955 938 929 961 987 1020 1049 1067 1094 1112 1138 1161 
9 1005 1056 1006 1087 1133 984 949 1130 1142 
4 1104 1011 1058 980 
9 1312 1332 1336 1364 1385 1404 1407 1435 1455 
2 1340 1362 
2 1390 1367 
14 1312 1399 1503 1537 1578 1639 1688 1698 1716 1751 1793 1807 1833 1853 
2 1729 1810 
4 1801 1722 1697 1755 
19 2693 2713 2823 2946 2982 2848 2749 2700 2653 2597 2547 2507 2477 2422 2381 2336 2298 2253 2211 
6 2757 2688 2579 2541 2430 2330 
6 2663 2491 2399 2557 2312 2767 
15 1336 1320 1289 1271 1242 1225 1210 1183 1161 1132 1113 1075 1041 1017 988 
11 1322 1217 1279 1199 1170 1153 999 1219 1084 1062 1158 
7 1033 1234 1278 1250 1218 1204 1119 
18 1799 1783 1749 1704 1685 1724 1832 1940 2099 2273 2319 2358 2391 2417 2482 2536 2589 2693 
7 1925 2201 2295 2367 2479 2234 2313 
5 2401 2257 2337 1926 2520 
44 3607 3612 3635 3661 3686 3702 3715 3740 3774 3781 3797 3800 3821 3857 3901 3912 3929 3957 3975 3999 4017 4035 4053 4083 4109 4124 4137 4164 4190 4229 4256 4300 4327 4346 4369 4399 4442 4459 4470 4492 4510 4514 4521 4515 
39 3833 3972 3888 3993 3885 3936 4055 3984 4103 4049 4147 4066 4259 4239 4307 4398 4363 4446 4395 4154 4195 4129 3812 4146 4156 4091 4392 3970 4088 3981 4338 4352 4252 4310 3874 3809 4089 4365 4437 
24 3915 3910 4119 3748 4071 3802 3807 3889 4003 3954 3965 4090 4122 4040 4366 4430 4457 4159 3786 4324 4032 4372 3681 4220 
33 3607 3612 3635 3661 3686 3702 3715 3740 3774 3781 3797 3800 3821 3884 3951 4010 4058 4114 4162 4183 4210 4243 4277 4308 4331 4355 4376 4393 4407 4428 4451 4488 4511 
44 3931 3959 4060 4108 4158 4249 4301 4250 4333 4312 4379 4357 4422 4389 4452 4462 4266 4435 4460 4151 4254 4415 4200 4244 4177 4272 4295 4403 4388 4364 4288 4167 4240 4193 4044 4096 3956 3945 4043 4344 4305 3907 4065 4480 
16 4332 4453 4054 4064 4409 3943 4280 4405 4374 4325 4166 4270 4448 3958 4378 4215 
15 3635 3710 3788 3819 3872 3891 3920 3930 3971 4005 4051 4084 4130 4161 4219 
13 3892 3815 3925 3994 4061 4115 4184 3944 4029 3964 3991 3882 4014 
7 3824 3803 4000 3904 4074 3947 4139 
13 2050 2073 2107 2161 2211 2233 2249 2269 2286 2292 2311 2317 2341 
7 2143 2206 2285 2301 2338 2250 2327 
6 2261 2318 2363 2291 2236 2124 
15 1853 1865 1881 1892 1908 1933 1939 1947 1946 1960 1976 1980 2001 2009 2022 
9 1959 1803 1819 1831 1843 2014 1880 2052 2055 
8 1949 2007 1972 1901 1921 1878 2032 1890 
7 1853 1854 1855 1836 1837 1815 1799 
2 1918 1879 
2 1885 1863 
13 2211 2161 2107 2073 2050 2065 2081 2089 2102 2109 2123 2142 2159 
4 2024 2128 2177 2088 
3 2063 2104 2165 
54 3290 3304 3313 3339 3353 3369 3385 3399 3408 3422 3435 3459 3486 3505 3512 3530 3543 3549 3569 3579 3589 3619 3642 3659 3692 3708 3729 3747 3773 3808 3838 3859 3896 3974 4042 4093 4138 4176 4208 4236 4256 4300 4327 4346 4369 4399 4442 4459 4470 4492 4510 4514 4521 4515 
52 3307 3333 3371 3468 3405 3416 3515 3483 3605 3628 3573 3577 3656 3624 3831 3756 3870 3939 3851 4082 4021 4152 4113 4224 3522 3368 3538 3332 3488 3453 3600 3737 3658 3242 3727 3277 3274 3372 4008 4023 3924 3792 3352 3693 4248 4284 4196 3284 3594 3418 3489 3406 
41 3504 3521 3376 3625 4211 3652 3448 3840 4134 3384 3782 3520 3424 3663 4038 3559 3337 4046 3415 3417 3454 3706 3419 3397 3346 3482 3432 3556 3893 3900 3474 4142 3393 3316 3296 3582 3736 3517 3503 3442 3364 
15 3290 3449 3607 3612 3635 3661 3686 3702 3715 3740 3774 3781 3797 3800 3821 
11 3679 3758 3825 3856 3766 3732 3611 3762 3707 3604 3789 
0 
15 1047 1048 1036 968 919 905 890 870 851 825 805 779 759 746 718 
16 981 811 944 776 921 739 887 703 818 959 717 857 976 986 997 694 
9 849 875 754 843 951 924 800 796 891 
7 1047 1069 1013 977 950 928 893 
3 979 970 960 
2 994 939 
9 1139 1152 1179 1201 1228 1236 1260 1297 1333 
8 1283 1329 1209 1274 1337 1363 1368 1313 
4 1294 1223 1255 1305 
16 1139 1136 1124 1114 1116 1101 1107 1098 1096 1081 1085 1066 1065 1052 1053 1045 
9 1025 1007 1001 1162 1008 1003 998 930 935 
7 1059 1035 1121 1046 1073 1064 1091 
12 1881 1865 1853 1833 1807 1793 1751 1716 1698 1688 1639 1578 
3 1763 1708 1655 
0 
12 1343 1339 1330 1318 1301 1293 1277 1259 1222 1197 1186 1161 
8 1299 1354 1317 1248 1285 1182 1212 1243 
6 1247 1190 1310 1323 1298 1267 
7 3313 3395 3472 3508 3550 3588 3635 
6 3516 3634 3578 3544 3510 3555 
2 3494 3570 
8 1179 1163 1147 1154 1134 1126 1082 1069 
3 996 995 1021 
3 1095 1106 1057 
35 1179 1152 1139 1088 1018 1004 990 982 974 966 956 927 896 884 871 845 817 808 797 792 782 760 752 737 728 710 687 671 653 622 599 586 567 560 539 
36 1039 1032 993 971 952 941 926 821 899 897 734 720 816 827 707 765 619 743 601 700 629 550 852 859 848 894 915 512 844 813 861 690 652 595 548 802 
22 605 768 958 639 668 771 719 697 862 991 563 798 973 680 895 738 1016 954 841 880 785 1019 
16 1455 1525 1580 1605 1646 1681 1703 1736 1782 1814 1846 1874 1913 1950 1996 2059 
11 1632 1662 1669 1753 1840 1812 1867 1935 1695 1764 1599 
8 2091 1962 1690 1660 1602 1861 1800 1829 
21 1455 1431 1402 1397 1380 1353 1343 1326 1303 1284 1273 1238 1211 1194 1184 1165 1148 1129 1105 1078 1045 
13 1378 1311 1276 1245 1224 1196 1143 1174 1128 1103 1050 1169 1090 
10 1384 1157 1177 1314 1093 1215 1264 1200 1288 1117 
18 1333 1352 1380 1409 1421 1429 1438 1448 1462 1468 1486 1492 1507 1527 1561 1587 1619 1646 
12 1469 1487 1514 1559 1547 1493 1615 1588 1663 1598 1625 1634 
9 1560 1518 1490 1447 1471 1497 1577 1652 1426 
13 1380 1352 1333 1358 1376 1392 1408 1423 1442 1460 1477 1505 1540 
10 1410 1355 1441 1463 1403 1473 1464 1534 1499 1383 
7 1411 1396 1379 1467 1481 1430 1566 
8 1118 1108 1092 1089 1074 1079 1061 1036 
31 1027 1038 1099 1111 1145 1331 1043 1233 1373 1131 1381 1401 1080 1102 1100 1077 1060 1433 1281 1231 1300 1287 1240 1235 1306 1034 1055 1071 1304 1122 1338 
42 1127 1208 1171 1166 1180 1188 1193 1151 1135 1120 1156 1216 1137 1328 1173 1269 1371 1123 1159 1203 1324 1192 1198 1419 1185 1266 1366 1415 1391 1394 1146 1382 1206 1291 1346 1109 1321 1140 1068 1229 1195 1176 
38 2982 3027 3051 3113 3200 3221 3268 3318 3420 3527 3545 3568 3602 3637 3649 3677 3742 3801 3847 3906 3934 3963 4002 4031 4052 4081 4125 4165 4226 4264 4296 4328 4373 4419 4429 4461 4501 4515 
33 3599 3673 3668 3822 3818 3909 3950 4024 4068 4072 4174 4148 4265 4313 4321 4413 4410 4458 3191 4070 4320 3992 3146 4191 4123 4136 4227 4342 4030 4292 4234 3181 3183 
24 3804 3636 3961 3048 4077 4169 4326 4163 3678 4261 3670 4436 4417 4028 3109 3177 3128 3151 4329 3878 3916 3496 4079 4420 
22 2982 3027 3051 3113 3200 3221 3268 3318 3345 3357 3398 3429 3497 3563 3580 3597 3608 3622 3644 3671 3725 3773 
10 3329 3446 3616 3666 3784 3718 3470 3437 3743 3850 
6 3664 3425 3618 3354 3676 3558 
13 2159 2121 2075 2047 2030 2021 2005 1992 1982 1964 1944 1914 1881 
9 2092 2062 2057 2029 1979 1998 1967 1931 2036 
8 2082 1951 1985 1938 2011 2033 1997 2072 
7 2341 2281 2242 2219 2200 2179 2159 
7 2374 2297 2239 2167 2290 2237 2199 
2 2207 2246 
8 1257 1189 1069 1013 977 950 928 893 
3 925 910 903 
0 
14 1257 1189 1069 1047 922 814 775 735 695 662 614 579 549 509 
3 860 756 607 
5 741 589 837 674 812 
15 3051 3027 2982 3065 3115 3130 3147 3152 3164 3174 3204 3217 3236 3269 3313 
12 3135 3188 3167 3195 3246 3223 3273 3259 3255 3311 3213 3202 
7 3250 3220 3150 3210 3180 3166 3124 
25 1895 1927 1954 1977 2022 2038 2041 2058 2056 2078 2071 2094 2101 2136 2141 2157 2155 2178 2184 2205 2203 2223 2220 2230 2243 
23 1970 1990 1988 2051 2023 2035 2049 2031 2153 2110 2025 2060 1955 1932 2112 2084 1953 1969 1981 1968 2020 1987 2004 
12 2034 2208 1956 2196 2162 2068 2019 2181 2111 2131 2085 2044 
20 1895 1870 1859 1849 1845 1839 1830 1821 1818 1806 1802 1789 1777 1769 1757 1737 1721 1702 1679 1646 
22 1902 1894 1816 1877 1887 1804 1851 1857 1758 1811 1725 1788 1715 1760 1684 1889 1668 1936 1750 1792 1903 1844 
14 1786 1856 1847 1809 1827 1772 1730 1744 1842 1872 1713 1766 1820 1790 
14 1345 1370 1412 1439 1472 1508 1515 1535 1544 1553 1589 1626 1656 1689 
4 1459 1531 1461 1432 
5 1529 1633 1342 1479 1425 
10 2972 2995 3016 3033 3074 3099 3156 3240 3276 3327 
0 
1 2925 
15 2839 2782 2758 2725 2690 2647 2610 2562 2512 2488 2462 2434 2407 2375 2341 
19 2752 2675 2654 2585 2616 2521 2523 2485 2436 2435 2377 2470 2584 2639 2631 2364 2328 2515 2539 
12 2516 2768 2820 2412 2454 2612 2686 2402 2468 2508 2603 2689 
11 1350 1405 1454 1489 1526 1533 1553 1589 1626 1656 1689 
5 1444 1647 1504 1506 1546 
8 1585 1579 1627 1548 1453 1564 1597 1551 
13 1350 1213 1047 922 814 775 735 695 662 614 579 549 509 
2 807 686 
0 
12 1350 1348 1345 1327 1309 1282 1257 1241 1227 1221 1207 1179 
2 1296 1251 
2 1307 1230 
7 3016 2995 2972 2934 2896 2871 2839 
2 2926 2779 
1 2911 
21 2022 1977 1954 1927 1895 1858 1834 1795 1765 1742 1727 1711 1705 1691 1686 1671 1667 1654 1645 1611 1578 
17 1963 1937 1906 1883 1797 1692 1746 1740 1709 1696 1672 1917 1771 1779 1942 1922 1739 
9 1675 1712 1732 1700 1774 1651 1841 1910 1693 
13 1361 1386 1400 1413 1424 1457 1484 1524 1573 1606 1631 1657 1689 
15 1522 1480 1593 1575 1658 1584 1614 1456 1389 1617 1609 1445 1545 1603 1555 
20 1475 1570 1476 1491 1511 1500 1502 1582 1418 1554 1521 1538 1443 1513 1496 1638 1482 1498 1474 1495 
10 1361 1357 1350 1348 1345 1370 1412 1439 1472 1508 
1 1398 
0 
13 3097 3082 3063 3121 3157 3163 3179 3187 3206 3215 3228 3243 3270 
4 3235 3239 3266 3288 
5 3229 3203 3247 3175 3052 
15 3063 3082 3097 3098 3107 3138 3153 3196 3211 3221 3268 3318 3292 3289 3283 
5 3138 3153 3208 3159 3222 
7 3234 3190 3216 3260 3186 3178 3230 
15 3036 3049 3070 3090 3103 3118 3129 3133 3155 3185 3225 3256 3275 3306 3327 
5 3092 3214 3047 3072 3162 
6 3017 3161 3029 3233 3117 3100 
17 3036 3049 3070 3090 3067 3046 3014 2991 2966 2931 2910 2898 2872 2850 2827 2808 2776 
5 3007 2967 2979 2987 3004 
8 2941 2908 2760 2856 3037 3050 2919 2984 
10 1535 1515 1508 1472 1439 1412 1370 1345 1348 1350 
2 1349 1387 
0 
17 1535 1544 1553 1594 1622 1781 1989 2037 2066 2116 2163 2204 2248 2287 2334 2362 2414 
2 2217 2343 
5 1636 2266 2340 2083 2175 
14 1424 1413 1400 1386 1361 1315 1256 1178 1079 1074 1089 1092 1108 1118 
2 1446 1244 
1 1268 
17 1526 1533 1553 1594 1622 1781 1989 2037 2066 2116 2163 2204 2248 2287 2334 2362 2414 
2 2105 2332 
0 
8 1526 1519 1508 1472 1439 1412 1370 1345 
0 
0 
9 1553 1544 1535 1595 1640 1733 1826 1897 1975 
1 1798 
1 1813 
17 2450 2431 2423 2400 2378 2357 2329 2307 2280 2264 2252 2224 2195 2154 2103 2067 2022 
17 2392 2361 2278 2304 2258 2212 2176 2100 2277 2189 2314 2145 2216 2315 2240 2389 2119 
9 2371 2190 2245 2098 2416 2326 2276 2284 2443 
22 1640 1733 1826 1897 1975 1983 1989 2028 2077 2079 2095 2108 2135 2186 2221 2265 2309 2359 2418 2455 2499 2573 
4 2138 2156 2355 2458 
8 2126 2464 2096 2320 2231 2210 2296 2446 
7 1640 1616 1604 1571 1539 1532 1540 
3 1624 1509 1596 
2 1520 1613 
9 2615 2591 2571 2549 2538 2525 2501 2480 2450 
8 2618 2556 2519 2531 2473 2671 2714 2703 
6 2495 2558 2575 2509 2533 2620 
24 2615 2596 2586 2568 2544 2528 2503 2487 2481 2467 2456 2440 2428 2421 2408 2394 2379 2368 2360 2356 2346 2345 2333 2341 
29 2607 2543 2594 2602 2583 2493 2478 2530 2433 2502 2384 2369 2438 2352 2406 2316 2373 2383 2325 2510 2376 2486 2614 2599 2565 2550 2366 2546 2410 
14 2447 2506 2484 2385 2419 2465 2413 2529 2354 2555 2351 2372 2396 2590 
14 3318 3292 3289 3283 3297 3287 3291 3314 3335 3355 3377 3404 3439 3457 
12 3254 3295 3409 3349 3436 3401 3281 3303 3300 3302 3344 3466 
10 3392 3444 3359 3280 3540 3347 3322 3531 3571 3502 
21 2783 2776 2809 2836 2858 2863 2880 2890 2905 2914 2916 2936 2949 2961 2963 2975 2986 2992 2994 3005 3009 
11 2755 2884 2777 3041 3025 2841 3001 2933 2953 2861 2881 
16 2813 2989 2977 2968 2947 2969 2879 2981 2865 2998 2900 2875 2929 2895 2799 2857 
21 2808 2776 2809 2836 2858 2863 2880 2890 2905 2914 2916 2936 2949 2961 2963 2975 2986 2992 2994 3005 3009 
10 2773 2907 2942 2824 2840 2874 2902 3026 2786 2738 
0 
18 2808 2783 2800 2805 2817 2815 2829 2826 2832 2834 2842 2833 2844 2825 2845 2851 2843 2839 
9 2761 2775 2765 2763 2791 2945 2735 2669 2655 
10 2854 2867 2814 2806 2807 2794 2787 2812 2803 2860 
18 2776 2783 2800 2805 2817 2815 2829 2826 2832 2834 2842 2833 2844 2825 2845 2851 2843 2839 
7 2892 2918 2778 2745 2720 2739 2724 
0 
9 2776 2750 2734 2721 2701 2673 2649 2630 2615 
13 2744 2731 2711 2672 2635 2642 2660 2692 2677 2698 2640 2704 2715 
4 2648 2733 2707 2695 
16 2776 2808 2827 2850 2872 2898 2910 2931 2966 2991 3014 3046 3067 3090 3093 3099 
4 2893 3054 3056 3024 
0 
7 3090 3070 3049 3036 3035 2997 2972 
1 2990 
0 
7 3099 3074 3033 3016 2996 2974 2982 
0 
0 
8 3283 3289 3292 3318 3268 3221 3200 3113 
1 3196 
0 
27 2059 2026 2002 1966 1930 1915 1896 1871 1848 1828 1808 1796 1780 1768 1748 1734 1714 1687 1670 1664 1648 1628 1607 1592 1568 1543 1540 
26 1991 1920 1929 1864 1852 1805 1773 1778 1745 1706 1717 1666 1637 1649 1581 1612 2015 1665 1735 1682 1630 1642 1743 1701 1659 1718 
16 1683 1601 1838 1761 1909 1694 1635 1884 1661 1787 1775 1923 1822 2012 1731 1620 
11 4442 4464 4478 4493 4507 4535 4558 4581 4604 4617 4622 
8 4402 4463 4502 4546 4607 4603 4517 4489 
3 4475 4504 4557 
17 3527 3420 3318 3345 3357 3398 3429 3497 3563 3580 3597 3608 3622 3644 3671 3725 3773 
4 3480 3532 3591 3657 
0 
9 1989 1781 1622 1594 1553 1589 1626 1656 1689 
1 1673 
0 
11 2718 2702 2696 2668 2650 2600 2559 2524 2496 2469 2450 
6 2732 2680 2595 2540 2427 2580 
4 2514 2662 2708 2578 
9 2718 2664 2622 2582 2505 2460 2415 2322 2243 
8 2694 2561 2471 2147 2682 2513 2397 2632 
3 2474 2634 2605 
13 3009 2993 2973 2956 2939 2923 2901 2883 2862 2828 2793 2770 2718 
12 2980 2964 2915 2924 2894 2864 2849 2781 2948 2837 2785 2811 
8 2790 2798 2906 2978 2935 2859 2866 2971 
11 2353 2411 2414 2429 2442 2461 2459 2489 2498 2537 2573 
13 2395 2553 2380 2398 2592 2331 2300 2350 2194 2259 2342 2227 2279 
5 2441 2500 2425 2403 2551 
8 2353 2267 2187 2133 2027 1975 1983 1989 
1 2171 
1 2174 
9 2353 2263 2228 2192 2164 2140 2127 2090 2059 
7 2238 2097 2185 2152 2069 2169 2183 
4 2235 2144 2146 2180 
7 2353 2347 2294 2288 2262 2260 2243 
4 2268 2209 2218 2168 
4 2214 2256 2282 2232 
11 2135 2173 2198 2225 2247 2255 2275 2293 2323 2324 2335 
6 2302 2193 2339 2370 2437 2093 
8 2270 2244 2017 2151 2349 2137 2241 2303 
13 2135 2076 2045 2008 1971 1934 1893 1850 1817 1784 1752 1723 1689 
8 2064 1999 1941 1876 1868 1825 1762 1756 
8 1823 1888 1741 2053 1882 1907 1978 1759 
11 3457 3498 3534 3587 3627 3650 3683 3722 3759 3816 3898 
8 3560 3506 3615 3701 3787 3557 3463 3767 
5 3525 3623 3764 3539 3688 
9 2414 2411 2353 2445 2475 2534 2577 2623 2684 
5 2457 2552 2518 2545 2504 
3 2659 2466 2567 
9 3898 4012 4085 4153 4204 4262 4294 4322 4348 
10 4207 4199 4299 4356 4386 4411 4439 4408 4383 4370 
15 4362 4371 4387 4416 4214 4424 4293 4343 4203 4423 4390 4400 4361 4382 4354 
17 2198 2160 2125 2074 2039 2003 1965 1945 1924 1911 1891 1824 1767 1754 1738 1719 1689 
19 2150 2087 2043 1961 1984 1905 1862 1875 1776 1678 1747 1866 1928 1677 1680 1710 2016 1943 2010 
10 1726 1886 1957 2106 1974 2134 2042 1770 1898 1916 
12 2198 2173 2135 2186 2221 2265 2309 2359 2418 2455 2499 2573 
7 2251 2213 2308 2424 2191 2310 2222 
0 
12 2684 2726 2756 2838 2909 2885 2855 2831 2818 2780 2743 2718 
11 2943 2940 2920 2748 2903 2878 2970 2950 2886 3068 3000 
7 2877 2751 2784 2868 2889 2852 2816 
7 2706 2666 2645 2609 2572 2511 2414 
2 2665 2657 
2 2581 2658 
17 3240 3156 3099 3093 3090 3067 3046 3014 2991 2966 2931 2910 2898 2872 2850 2827 2808 
2 2928 2873 
0 
11 4085 4012 3898 3881 3852 3785 3714 3654 3590 3564 3527 
7 3927 3651 3551 3513 3523 3511 3576 
3 3694 3567 3875 
16 3270 3285 3317 3330 3362 3327 3341 3431 3519 3491 3526 3565 3493 3438 3403 3363 
11 3487 3492 3509 3331 3421 3383 3603 3541 3537 3471 3572 
30 3500 3465 3609 3464 3655 3481 3380 3672 3699 3734 3455 3440 3412 3390 3477 3514 3484 3441 3640 3423 3343 3396 3709 3458 3340 3667 3450 3601 3452 3638 
13 3595 3639 3685 3728 3765 3810 3853 3903 3969 4016 4085 4012 3898 
12 3738 3617 3827 3744 3887 3837 4001 4013 3890 3905 3632 3938 
9 3776 3757 3844 3946 3985 3675 3949 3865 3700 
7 2909 2838 2756 2726 2684 2699 2706 
4 2759 2638 2627 2679 
1 2652 
9 4551 4550 4549 4544 4542 4537 4536 4527 4515 
16 4595 4503 4553 4590 4447 4564 4496 4476 4456 4473 4522 4491 4509 4586 4571 4579 
12 4573 4499 4554 4468 4471 4498 4548 4497 4524 4485 4444 4528 
20 4567 4576 4577 4598 4613 4477 4290 4232 4144 4099 4011 3941 3978 3987 4019 4037 4095 4143 4194 4245 
9 4531 4033 3948 4094 4636 3932 3979 4612 4638 
12 4641 4552 4172 4559 4117 4120 4619 4620 4585 4614 4631 4018 
12 3192 3249 3306 3327 3341 3375 3473 3566 3665 3780 3863 3987 
3 3561 3726 3546 
2 3793 3575 
19 3192 3176 3169 3148 3144 3131 3116 3112 3102 3095 3088 3086 3079 3061 3053 3042 3031 3023 3009 
14 3198 3143 3064 3030 3142 3021 3022 3125 3084 3087 3018 3194 2999 3168 
10 3059 3077 3089 3045 3104 3066 3091 3149 3119 3182 
13 3306 3249 3192 3160 3134 3106 3078 3058 3043 3012 2988 2955 2909 
4 3101 3055 3013 2960 
4 3122 2976 3069 3034 
7 3327 3276 3240 3156 3099 3093 3090 
0 
0 
15 3362 3330 3317 3285 3270 3309 3338 3361 3388 3407 3443 3462 3490 3535 3595 
6 3323 3410 3460 3411 3507 3378 
5 3447 3334 3433 3499 3394 
13 3315 3312 3306 3275 3256 3225 3185 3155 3133 3129 3118 3103 3090 
2 3123 3073 
0 
9 3315 3341 3375 3473 3566 3665 3780 3863 3987 
4 3753 3880 3923 4041 
0 
8 3315 3312 3306 3327 3276 3240 3257 3270 
0 
0 
18 3341 3375 3473 3566 3665 3780 3863 3987 4019 4037 4095 4143 4194 4245 4268 4286 4316 4335 
5 4297 4216 4337 4205 4273 
1 4306 
9 4613 4598 4577 4530 4486 4469 4440 4396 4348 
3 4495 4433 4359 
2 4434 4490 
9 2888 2835 2795 2762 2719 2685 2646 2624 2573 
5 2830 2710 2754 2651 2742 
4 2643 2722 2717 2801 
7 2888 2822 2769 2753 2730 2723 2706 
2 2728 2670 
2 2709 2740 
7 3375 3367 3362 3330 3317 3285 3270 
2 3430 3370 
0 
11 3375 3341 3431 3519 3491 3526 3565 3493 3438 3403 3363 
1 3350 
0 
15 4621 4596 4532 4450 4360 4303 4206 4110 3987 4019 4037 4095 4143 4194 4245 
2 4602 4238 
3 4540 4368 4225 
9 4290 4477 4613 4621 4624 4632 4634 4635 4637 
0 
2 4642 4639 
17 3941 4011 4099 4144 4232 4290 4278 4269 4242 4217 4188 4182 4149 4126 4106 4078 4085 
8 4315 4127 4282 4260 4069 3967 4007 4319 
5 4246 4285 4179 4202 4105 
8 2727 2637 2576 2542 2494 2451 2382 2335 
4 2569 2444 2405 2448 
6 2476 2796 2563 2819 2766 2846 
15 2727 2705 2674 2681 2667 2661 2636 2644 2629 2625 2608 2613 2606 2588 2573 
17 2554 2570 2772 2587 2548 2729 2522 2517 2687 2804 2449 2393 2472 2344 2386 2527 2387 
10 2712 2626 2683 2641 2656 2611 2789 2574 2560 2593 
19 4632 4634 4635 4637 4626 4616 4597 4572 4534 4508 4483 4432 4375 4350 4335 4316 4286 4268 4245 
3 4563 4467 4425 
3 4512 4583 4465 
11 4632 4624 4621 4596 4532 4450 4360 4303 4206 4110 3987 
1 4426 
0 
11 3987 3978 3941 3854 3796 3755 3721 3695 3653 3631 3595 
5 3897 3771 3633 3877 3713 
3 3811 3733 3645 
13 3096 3111 3132 3136 3154 3085 3003 2965 2912 2876 2821 2788 2727 
2 2904 2797 
4 2899 2810 3139 3020 
9 3003 3085 3154 3207 3245 3264 3278 3320 3363 
3 3263 3251 3253 
3 3205 3267 3261 
7 3003 2985 2959 2954 2937 2922 2888 
18 3060 2887 2869 3351 3336 3272 3360 3258 3197 2927 2870 2737 2792 3080 3310 3299 3324 3305 
15 3237 2938 3201 3226 3218 3224 2913 3189 3184 3170 3238 3265 3252 3232 3212 
19 3491 3519 3548 3596 3641 3690 3730 3777 3828 3869 3926 3997 4050 4133 4245 4268 4286 4316 4335 
8 3684 3662 3873 3966 3917 4097 3584 3772 
6 3717 3648 3841 3937 3913 4062 
7 3491 3402 3315 3158 3044 2891 2706 
0 
0 
9 3154 3136 3132 3111 3096 3071 3038 2983 2888 
3 3171 3019 2957 
1 3028 
9 3548 3519 3553 3592 3565 3493 3438 3403 3363 
0 
0 
11 3548 3519 3491 3426 3365 3326 3301 3231 3145 3120 3096 
2 3414 3319 
2 3381 3308 
9 3548 3461 3375 3473 3566 3665 3780 3863 3987 
0 
0 
9 3548 3461 3375 3367 3362 3495 3613 3761 3941 
1 3528 
1 3598 
12 3592 3553 3519 3491 3426 3365 3326 3301 3231 3145 3120 3096 
4 3127 3199 3342 3282 
0 
16 3565 3592 3630 3674 3716 3769 3835 3902 3983 4036 4118 4170 4230 4289 4314 4335 
38 3719 3879 3798 4112 3935 4197 4302 4027 4298 3973 4351 4445 3860 3783 3911 4218 3980 3995 4381 4339 4025 3919 4100 4101 4221 4145 3866 4004 4150 3839 3977 3799 3805 4063 4276 4073 4057 4067 
46 4406 3741 4449 4281 3899 4287 3775 3832 3876 3752 3791 3697 3739 4187 3806 3960 4401 3711 3849 3952 3842 3845 3768 3834 3735 3823 4022 3858 3942 3817 4455 3968 4201 4181 3829 3908 3696 4291 4247 4479 4349 3779 4076 4431 3864 4180 
7 3630 3592 3565 3493 3438 3403 3363 
0 
0 
8 3630 3583 3548 3461 3375 3341 3327 3306 
0 
0 
