12 57 191 108 97 113 67 51 29 47 37 62 107 
5 177 224 269 304 370 
3 332 236 121 
7 275 216 143 170 193 223 244 
5 313 320 367 415 425 
8 196 195 204 215 182 141 110 72 
12 34 28 27 43 69 117 199 262 292 330 358 366 
9 427 450 476 494 514 534 550 574 590 
15 761 711 687 662 654 644 617 571 533 507 465 430 458 516 538 
13 412 433 448 473 504 515 528 540 553 566 579 573 567 
11 779 794 824 862 890 924 994 1059 1119 1163 1175 
19 949 1013 1074 1106 1135 1152 1177 1188 1201 1252 1302 1310 1318 1348 1364 1388 1416 1426 1444 
9 1296 1275 1262 1230 1192 1166 1140 1113 1093 
14 1401 1367 1342 1330 1319 1247 1258 1257 1250 1240 1232 1229 1206 1187 
12 1105 1094 1080 1064 1050 1012 977 950 927 908 884 873 
20 1110 1099 1077 1044 1029 1017 989 959 912 868 855 839 820 807 785 753 744 734 722 706 
11 776 760 741 723 689 671 660 627 586 572 549 
16 616 598 585 565 545 525 509 490 468 443 406 389 364 346 339 329 
13 374 344 314 302 286 257 232 213 198 172 146 134 120 
14 64 89 122 136 153 222 280 307 325 351 369 408 457 483 
13 4 11 14 16 21 36 48 61 84 132 181 209 235 
17 3 7 15 18 38 71 126 133 137 178 210 220 228 272 315 327 340 
18 46 58 75 101 127 158 206 246 214 174 156 135 128 119 111 104 94 82 
14 125 152 183 200 231 250 274 331 378 390 403 420 434 431 
7 597 584 570 547 522 481 435 
15 460 464 470 505 537 493 453 442 429 413 398 386 376 362 349 
21 595 607 619 631 640 657 673 685 701 727 745 755 769 813 883 904 936 961 976 1003 1019 
14 969 1015 1073 1090 1130 1150 1168 1181 1214 1246 1293 1338 1384 1435 
21 1108 1097 1069 1047 1041 1010 975 955 928 903 886 874 867 849 817 822 827 823 819 825 821 
9 417 372 345 334 333 354 379 391 407 
11 712 692 679 667 648 623 587 588 593 532 478 
7 503 488 492 510 518 606 674 
21 489 511 527 560 589 613 628 676 720 733 743 766 780 799 833 896 956 1008 1062 1164 1248 
5 991 1026 1070 1101 1124 
13 1114 1138 1155 1190 1220 1233 1245 1259 1270 1306 1334 1360 1379 
22 1353 1365 1381 1404 1419 1433 1450 1466 1474 1485 1495 1502 1508 1512 1518 1538 1561 1582 1604 1669 1766 1765 
12 1692 1736 1705 1678 1693 1711 1690 1674 1650 1626 1611 1592 
8 2097 2142 2198 2252 2295 2390 2485 2492 
47 1734 1751 1769 1800 1842 1903 1983 2003 2020 2029 2038 2066 2084 2146 2215 2271 2324 2378 2427 2464 2508 2541 2565 2586 2601 2619 2634 2666 2696 2715 2727 2751 2768 2792 2819 2834 2859 2905 2940 2956 2980 3024 3060 3080 3099 3137 3191 
37 1789 1810 1835 1849 1858 1901 1946 1970 2000 2024 2050 2078 2106 2131 2168 2236 2301 2344 2383 2397 2411 2426 2444 2457 2473 2506 2535 2545 2555 2575 2592 2608 2623 2640 2664 2688 2722 
11 1875 1877 1883 1966 2058 2190 2321 2533 2737 2783 2831 
19 2965 3013 3055 3077 3101 3128 3149 3175 3204 3238 3289 3362 3430 3435 3428 3419 3417 3426 3432 
26 3331 3358 3393 3408 3427 3447 3467 3499 3559 3552 3651 3656 3664 3681 3694 3708 3752 3798 3821 3835 3888 3944 3984 4027 4176 4286 
14 4542 4511 4477 4458 4430 4385 4321 4287 4229 4067 3916 3910 3908 3903 
23 2979 2998 3017 3074 3135 3159 3186 3240 3302 3344 3366 3404 3436 3469 3505 3539 3574 3635 3698 3747 3798 3816 3829 
28 4795 4798 4751 4675 4617 4585 4547 4505 4449 4405 4386 4350 4301 4277 4261 4251 4234 4222 4195 4126 4076 4056 4028 3991 3949 3926 3918 3917 
15 4700 4681 4684 4616 4573 4504 4436 4392 4345 4339 4327 4318 4310 4304 4291 
37 4383 4363 4330 4297 4269 4244 4218 4177 4130 4110 4083 4068 4062 4050 4032 4008 3992 3979 3953 3926 3877 3841 3786 3734 3715 3691 3645 3612 3577 3529 3518 3478 3460 3406 3345 3281 3221 
25 2580 2585 2588 2626 2654 2678 2705 2730 2756 2773 2801 2840 2888 2927 2975 3034 3093 3161 3230 3242 3264 3310 3360 3354 3356 
30 2164 2172 2195 2222 2284 2354 2389 2417 2454 2493 2513 2531 2548 2588 2596 2602 2647 2682 2711 2734 2759 2777 2803 2827 2843 2865 2889 2911 2929 2953 
24 1887 1823 1826 1851 1924 1957 1993 2009 2046 2069 2122 2167 2197 2230 2278 2336 2353 2371 2428 2499 2525 2552 2554 2559 
23 3826 3772 3713 3688 3659 3617 3536 3488 3455 3416 3386 3359 3328 3287 3254 3213 3164 3138 3121 3079 3040 3029 3002 
7 2944 2941 2938 2933 2928 2795 2655 
12 4747 4721 4701 4699 4694 4674 4649 4638 4629 4624 4643 4614 
9 4749 4711 4673 4640 4607 4598 4586 4583 4572 
17 4778 4770 4755 4734 4713 4682 4647 4603 4545 4528 4501 4467 4444 4410 4371 4341 4294 
3 4461 4484 4521 
19 4576 4563 4551 4540 4523 4481 4454 4441 4432 4404 4364 4308 4255 4242 4225 4219 4214 4163 4090 
19 4108 4086 4073 4044 4000 3975 3958 3920 3881 3863 3844 3788 3733 3660 3610 3587 3560 3523 3498 
21 3707 3648 3598 3551 3507 3484 3466 3438 3400 3405 3401 3409 3410 3370 3340 3327 3303 3275 3231 3207 3180 
43 2654 2678 2705 2730 2756 2773 2801 2840 2888 2927 2975 3034 3093 3161 3230 3242 3264 3310 3360 3420 3476 3504 3525 3588 3633 3665 3717 3736 3751 3773 3789 3792 3784 3819 3813 3869 3907 3933 3952 3956 3961 3959 3962 
23 3259 3220 3168 3156 3147 3124 3087 3057 3022 3030 3032 3035 3043 2970 2915 2891 2871 2829 2780 2761 2740 2706 2672 
12 2935 2882 2823 2799 2774 2741 2693 2660 2621 2625 2628 2633 
14 2621 2625 2628 2633 2639 2618 2572 2458 2367 2312 2272 2251 2243 2238 
11 2572 2458 2367 2312 2272 2251 2248 2245 2239 2250 2253 
10 2490 2479 2476 2469 2325 2281 2273 2263 2208 2177 
13 2644 2731 2816 2874 2925 2964 3008 3042 3083 3073 3068 3063 3054 
21 3153 3177 3205 3270 3322 3336 3352 3380 3418 3429 3434 3485 3531 3622 3677 3779 3872 3960 4039 4030 4025 
18 3224 3298 3363 3392 3434 3440 3442 3443 3495 3557 3632 3693 3721 3739 3794 3849 3889 3928 
11 2648 2671 2701 2765 2836 2895 2957 3021 3085 3181 3263 
11 2188 2232 2283 2285 2291 2292 2296 2299 2304 2316 2331 
13 2180 2141 2115 2112 2110 2119 2121 2114 2107 2079 2052 2016 1981 
8 1958 1950 1931 1908 1889 1891 1902 1918 
14 4634 4637 4645 4650 4725 4690 4737 4744 4719 4768 4781 4789 4797 4807 
14 4387 4462 4560 4610 4665 4678 4683 4709 4728 4774 4799 4800 4802 4803 
18 4656 4622 4601 4556 4496 4466 4420 4409 4372 4328 4290 4266 4207 4154 4104 4053 4058 4059 
27 4698 4703 4710 4696 4653 4620 4612 4605 4578 4526 4498 4482 4470 4450 4425 4411 4396 4373 4353 4337 4313 4299 4279 4262 4239 4197 4158 
14 4635 4590 4527 4489 4464 4419 4395 4380 4368 4358 4346 4334 4281 4246 
23 3605 3638 3670 3722 3755 3797 3838 3856 3878 3915 3951 3983 4014 4055 4085 4094 4101 4111 4116 4113 4115 4124 4127 
19 3884 3873 3866 3809 3767 3748 3731 3712 3690 3650 3621 3596 3571 3524 3475 3371 3290 3237 3183 
24 3486 3489 3491 3513 3520 3530 3532 3543 3549 3553 3533 3619 3654 3675 3719 3746 3777 3782 3805 3859 3857 3935 3937 3973 
13 3388 3304 3215 3198 3160 3133 3123 3118 3119 3112 3111 3103 3094 
27 3842 3848 3810 3769 3719 3675 3654 3619 3533 3445 3383 3351 3323 3286 3245 3209 3157 3110 3064 3023 2972 2921 2879 2839 2798 2733 2668 
14 2779 2781 2782 2767 2762 2758 2755 2748 2746 2739 2728 2726 2719 2714 
25 3010 2993 2973 2954 2930 2890 2846 2812 2762 2698 2642 2566 2505 2510 2512 2501 2488 2472 2460 2433 2406 2388 2364 2305 2262 
26 2466 2398 2340 2294 2261 2246 2229 2176 2111 2092 2070 2061 2043 2032 2022 1994 1954 1942 1929 1905 1870 1850 1834 1827 1809 1795 
11 1808 1773 1744 1725 1698 1665 1637 1612 1593 1577 1568 
8 900 920 990 1040 1055 1081 1092 1102 
20 866 877 889 916 942 993 1032 1143 1211 1224 1238 1260 1283 1309 1325 1344 1362 1375 1403 1423 
18 1335 1271 1320 1351 1371 1397 1410 1432 1461 1507 1551 1552 1541 1536 1545 1546 1540 1534 
5 1519 1523 1529 1649 1785 
6 1141 1058 982 1039 1111 1159 
27 1167 1182 1195 1203 1213 1222 1227 1249 1267 1276 1292 1301 1315 1341 1349 1363 1377 1398 1418 1437 1463 1478 1491 1506 1520 1555 1575 
7 1867 1855 1876 1888 1898 1916 1932 
15 2499 2428 2371 2353 2336 2278 2230 2197 2167 2122 2069 2077 2086 2064 2036 
14 1382 1366 1387 1428 1438 1488 1526 1548 1563 1569 1576 1578 1585 1591 
14 1784 1779 1753 1666 1627 1600 1571 1566 1563 1548 1526 1488 1438 1428 
15 3016 2939 2857 2858 2855 2851 2838 2832 2822 2806 2798 2839 2879 2921 2972 
17 3219 3274 3319 3316 3317 3311 3307 3297 3292 3284 3278 3277 3255 3235 3234 3210 3197 
11 3785 3759 3729 3723 3687 3680 3643 3616 3573 3564 3542 
33 4173 4165 4146 4125 4117 4103 4143 4194 4228 4241 4272 4311 4366 4406 4414 4435 4445 4475 4508 4529 4569 4597 4588 4579 4562 4548 4537 4530 4522 4516 4519 4509 4494 
12 4697 4766 4765 4764 4760 4758 4754 4748 4739 4693 4648 4642 
