4 3144 2988 2785 2604 
12 3076 3100 3117 3053 3017 2981 2927 2688 2758 2823 2839 2874 
12 2883 2832 3094 2767 3019 2817 2967 3113 3069 2929 2673 3054 

7 2629 2703 2788 2913 3041 3120 3178 
18 2678 2731 2720 2816 2780 2776 2831 2863 2916 2937 2979 2871 3066 3070 3032 3031 3115 3098 
17 2915 2938 3013 3114 2730 2880 2833 2757 2838 2990 3080 3012 2824 3085 3096 2759 2749 

7 3179 3105 3035 3036 3037 3038 3039 
15 3075 3040 3078 3003 3008 3067 3077 3004 3006 3005 3074 3071 3058 3057 2984 
17 3022 3021 3048 3049 3020 3051 3033 3084 3081 2986 3023 3047 3024 2963 2942 3052 3050 

9 2949 2917 2890 2851 2768 2728 2726 2733 2782 
17 2956 2924 2898 2820 2835 2869 2857 2787 2734 2789 2754 2755 2813 2822 2791 2923 2970 
3 2959 2739 2935 

10 2796 2732 2725 2727 2771 2849 2902 2945 2946 2947 
28 2884 2799 2862 2698 2697 2704 2762 2792 2761 2712 2790 2763 2812 2885 2853 2827 2860 2941 2912 2921 2910 2897 2900 2911 2975 2976 2973 2696 
23 2934 2716 2717 2715 2809 2773 2765 2738 2855 2930 2919 2914 2876 2798 2961 2881 2960 2819 2721 2718 2948 2723 2852 

13 3180 3106 3039 3028 2983 2952 2917 2890 2851 2768 2729 2693 2608 
8 3091 3099 2996 2997 3068 3014 2998 2676 
8 2795 2794 2879 2837 2677 2887 2810 3093 

11 3180 3197 3193 3196 3179 3210 3192 3191 3212 3178 3215 
8 3131 3122 3124 3123 3119 3118 3146 3145 
8 3170 3161 3173 3177 3167 3174 3176 3172 

10 3026 2996 3010 2983 2952 2917 2890 2891 2858 2825 
3 2783 2836 2865 
6 3002 2896 2920 3148 2834 2866 

9 3181 3133 3103 3018 2972 2965 2886 2735 2632 
8 3055 3015 3132 2926 2821 2848 2719 2744 
5 3062 2807 2806 2742 2747 

7 3056 3134 3182 3207 3171 3087 3060 
7 2991 3132 3087 3111 3034 2989 2993 
1 3104 

7 3185 3109 2985 2882 2803 2714 2613 
17 3097 3059 2968 2944 2873 2950 2995 3030 2850 2943 2868 2877 2969 2804 2772 2710 2750 
12 2856 2775 2933 2903 2847 2829 2928 2899 2953 2669 3027 3001 

13 3185 3214 3184 3206 3205 3183 3207 3182 3211 3181 3200 3199 3180 
2 3044 3125 
5 3164 3142 3151 3130 3155 

6 2746 2599 2634 2682 2706 2752 
8 2724 2808 2815 2764 2700 2516 2784 2814 
0 

8 3186 3088 2936 2844 2779 2708 2683 2635 
6 3092 3063 2987 2888 2753 2681 
7 2994 2695 2707 3043 3079 2818 2999 

7 2966 2922 2864 2895 2843 2786 2778 
13 3016 2951 2977 2864 2888 2802 2867 2811 2770 2760 2741 2709 2801 
0 

13 3188 3121 3029 2978 2962 2925 2922 2864 2895 2843 2777 2711 2618 
12 3108 3136 3086 3011 3065 3007 2957 2964 2826 2705 2702 2541 
13 2971 2992 3102 2769 3095 2797 2889 2939 2980 2854 3083 2748 2745 

10 3188 3201 3203 3187 3208 3213 3186 3204 3198 3185 
6 3138 3137 3045 3141 3129 3110 
12 3162 3150 3166 3163 3153 3160 3168 3147 3159 3139 3149 3169 

9 3089 3090 3126 3112 3165 3195 3152 3116 3101 
8 3082 3042 3046 3000 3112 3116 3061 3072 
0 

20 3140 2982 2908 2909 2901 2872 2870 2861 2878 2842 2830 2793 2805 2800 2766 2736 2737 2713 2666 2616 
11 3073 2974 3009 2870 2875 2800 2781 2743 2722 2736 2665 
5 2680 2751 3064 3025 2955 

8 3216 3190 3195 3209 3189 3194 3202 3188 
5 3135 3128 3127 3107 3143 
5 3157 3175 3158 3156 3154 

10 2766 2800 2805 2793 2830 2842 2841 2846 2845 2840 
1 2828 
1 2774 

8 2908 2909 2901 2907 2918 2904 2906 2905 
3 2958 2859 2954 
6 2940 2892 2894 2931 2893 2932 

12 2616 2627 2665 2625 2655 2626 2594 2628 2593 2622 2615 2618 
11 2500 2672 2690 2463 2689 2740 2530 2687 2410 2525 2541 
10 2572 2573 2596 2642 2661 2595 2657 2699 2646 2548 

6 2616 2518 2289 2032 1871 1769 
9 2484 2384 2324 2224 2216 2074 2131 2077 1930 
9 2197 2087 2139 2389 2624 1934 2498 2167 2354 

10 1769 1768 1772 1748 1778 1747 1789 1749 1770 1767 
10 1702 1701 1606 1867 1706 1849 1697 1826 1944 1674 
9 1732 1812 1717 1718 1819 1722 1728 1712 1799 

9 2358 2395 2502 2626 2594 2532 2492 2481 2425 
5 2323 2318 2392 2364 2320 
1 2640 

8 2593 2531 2488 2375 2272 2146 1907 1789 
4 2426 2031 1886 1920 
9 2505 2435 2489 2018 1908 1801 1933 2556 2020 

10 2378 2377 2327 2351 2306 2236 2228 2155 2150 2079 
13 2448 2328 2327 2480 2490 2454 2424 2295 2228 2198 2127 1983 2061 
1 2062 

13 2618 2522 2434 2371 2306 2236 2195 2152 2100 2047 1975 1864 1767 
11 2199 2120 2088 1990 1898 1966 1853 1890 1835 1833 1832 
10 2483 2013 2002 2482 1847 2134 1896 1910 2141 1868 

12 2592 2509 2453 2428 2368 2299 2243 2148 2043 1967 1859 1787 
14 2514 2447 2423 2300 2277 2106 2173 2178 2103 1976 1912 1958 1989 1878 
11 2007 1956 2457 2269 2072 2011 2439 1891 1911 2264 2559 

14 2613 2477 2361 2337 2312 2293 2268 2240 2179 2083 2042 1969 1857 1766 
18 2359 2437 2503 2551 2517 2446 2298 2232 2149 2115 2181 2145 2069 1980 1893 2021 1972 1862 
15 1897 2140 2028 2301 2188 2129 2054 1879 2005 2552 2510 2405 2238 2406 2563 

7 2371 2370 2369 2368 2367 2366 2365 
8 2438 2451 2444 2297 2321 2302 2296 2449 
10 2336 2340 2390 2391 2388 2393 2339 2341 2342 2408 

7 2246 2245 2244 2243 2242 2241 2240 
4 2184 2175 2182 2174 
8 2222 2219 2217 2214 2218 2215 2213 2258 

8 2047 2046 2045 2044 2043 2040 2048 2042 
14 2097 2102 2104 1974 1993 1977 1978 1955 2099 2098 1979 1973 2095 1914 
12 2056 2057 2016 1982 2019 2022 2060 2014 2059 2065 2055 1923 

12 2618 2617 2602 2635 2592 2603 2634 2599 2633 2600 2614 2613 
9 2685 2545 2501 2524 2512 2529 2513 2539 2515 
16 2568 2579 2586 2570 2566 2649 2560 2565 2660 2653 2561 2668 2550 2562 2583 2578 

14 1767 1754 1788 1779 1746 1780 1777 1796 1750 1787 1752 1744 1771 1766 
12 1709 1673 1854 1677 1846 1845 1696 1820 1699 1829 1865 1884 
12 1795 1730 1805 1716 1726 1869 1797 1729 1719 1804 1821 1808 

3 2362 2394 2363 
10 2404 2450 2441 2251 2250 2233 2248 2249 2252 2356 
16 2282 2317 2316 2283 2286 2332 2414 2281 2310 2311 2284 2287 2309 2415 2333 2346 

10 2161 2154 2153 2122 2012 1953 1951 1952 1950 1949 
21 2172 2081 2192 2177 2096 2089 2058 2138 1988 2000 1900 1901 1999 1904 1997 1995 1924 1899 1902 1889 1927 
17 1968 1935 1894 1926 1936 1965 1937 1892 1964 1963 2078 2163 2142 2075 1875 2133 1962 

11 2591 2521 2403 2308 2237 2144 2015 1948 1895 1830 1785 
16 2499 2496 2429 2330 2190 2234 2165 2092 2113 2073 2003 2030 1844 1877 1929 1887 
15 2183 2315 2470 2495 1998 1823 1922 1860 2084 2191 2086 2070 2487 2285 2274 

9 2590 2508 2412 2294 2171 2071 1981 1870 1784 
26 2478 2445 2533 2523 2474 2353 2442 2379 2319 2212 2270 2229 2201 2143 2151 2085 2093 2052 2006 2049 1996 1873 1961 1959 1917 1881 
16 2132 2225 2557 2455 2355 2017 2352 1882 2126 2024 2230 1945 2110 1925 2452 2469 

7 2608 2485 2334 2231 2123 1913 1761 
25 2537 2468 2427 2413 2357 2307 2305 2266 2221 2176 2210 2262 2041 2082 2137 2168 2130 2080 2050 1939 1827 1840 1888 1932 1991 
25 2507 2464 2204 1828 2033 1848 1909 1921 2207 2280 2004 2185 2027 1928 2409 2189 2090 2124 2376 2271 2292 2411 2396 2091 2128 

13 2613 2612 2611 2598 2632 2597 2591 2610 2631 2609 2658 2619 2608 
14 2511 2506 2542 2686 2701 2546 2670 2527 2756 2675 2674 2547 2519 2540 
15 2656 2577 2582 2581 2555 2558 2576 2648 2575 2554 2567 2647 2641 2637 2585 

14 2608 2607 2621 2652 2623 2588 2606 2630 2601 2629 2605 2587 2620 2604 
16 2691 2664 2694 2663 2535 2662 2493 2494 2553 2671 2528 2538 2679 2667 2520 2684 
17 2584 2644 2569 2643 2571 2651 2650 2580 2636 2574 2645 2654 2692 2638 2659 2639 2564 

9 2589 2497 2372 2276 2170 2053 1946 1856 1783 
27 2386 2534 2476 2443 2349 2303 2338 2387 2255 2260 2304 2206 2135 2147 2076 2121 2196 2023 1970 1994 1883 1919 1916 1880 1843 1839 1693 
22 2125 2313 2329 1986 1987 1906 2407 2345 2253 2291 2119 2211 2536 2475 2436 1817 2416 2247 2220 1903 1813 2001 

11 2588 2544 2462 2402 2325 2202 2108 2039 1954 1850 1782 
15 2486 2526 2473 2273 2239 2343 2314 2180 2256 2159 2117 1872 2010 1866 1931 
12 2275 2261 2504 2109 2331 1885 2466 2029 2259 2158 1876 2162 

11 2402 2401 2400 2399 2398 2397 2326 2267 2254 2193 2208 
15 2432 2433 2350 2461 2456 2348 2460 2344 2347 2459 2360 2290 2254 2265 2169 
11 2422 2421 2381 2418 2417 2419 2383 2382 2420 2187 2380 

12 2587 2491 2397 2326 2227 2194 2136 2051 2035 2025 1984 1957 
11 2458 2431 2467 2257 2209 2157 2105 2166 2107 1915 1918 
13 2186 2114 2223 2263 2278 2472 2430 2156 2471 2385 1942 1941 1940 

9 2039 2037 2067 2036 2051 2035 2064 2038 2034 
7 1947 2111 1992 2101 2112 2116 1943 
8 2026 2063 2066 2008 2009 1985 1971 2068 

6 2604 2479 2205 2034 1905 1756 
11 2549 2465 2374 2118 2164 2200 2235 2279 2322 1943 1863 
10 2440 2543 1861 2335 2288 2094 2226 2373 2203 2160 

15 1761 1760 1751 1783 1759 1806 1758 1782 1757 1739 1781 1773 1738 1774 1756 
15 1852 1698 1834 1842 1825 1695 1689 1831 1858 1682 1683 1818 1855 1710 1713 
15 1737 1798 1724 1735 1731 1714 1815 1792 1790 1803 1814 1734 1740 1802 1723 

6 1756 1690 1581 1407 1173 1007 
12 1664 1681 1615 1571 1641 1523 1453 1371 1326 1299 1204 1112 
13 1657 1591 1685 1087 1321 1464 1648 1960 1527 1231 1344 1338 1298 

7 1738 1684 1600 1436 1241 1130 1033 
18 1658 1680 1589 1631 1632 1515 1585 1370 1313 1356 1468 1439 1285 1225 1232 1167 1098 1156 
15 1368 1679 1577 1155 1543 1630 1671 1193 1302 1324 1457 1100 1201 1307 1627 

7 1739 1669 1594 1595 1596 1597 1598 
15 1639 1599 1643 1552 1557 1636 1642 1553 1556 1555 1640 1637 1563 1620 1621 
12 1573 1574 1576 1608 1609 1610 1572 1578 1575 1607 1611 1612 

11 1739 1669 1590 1531 1472 1429 1330 1219 1164 1117 1034 
14 1512 1469 1528 1382 1354 1435 1279 1306 1334 1207 1257 1249 1212 1140 
5 1646 1517 1507 1622 1158 

9 1477 1475 1455 1412 1374 1264 1323 1325 1275 
18 1511 1505 1444 1404 1445 1364 1340 1195 1242 1292 1325 1272 1234 1280 1355 1294 1252 1199 
3 1493 1198 1467 

10 1259 1168 1162 1164 1219 1330 1429 1476 1473 1474 
13 1380 1263 1124 1208 1133 1123 1441 1405 1403 1433 1508 1434 1122 
21 1211 1153 1154 1174 1437 1246 1229 1463 1494 1454 1262 1291 1335 1151 1152 1495 1277 1375 1160 1372 1466 

15 1007 1027 988 1008 1033 1003 1034 1009 989 1029 1060 1031 1010 1011 1012 
19 922 944 1107 933 940 1099 1089 952 1091 899 877 1081 1082 939 1119 1088 1114 935 937 
14 1051 1052 980 976 982 1045 1056 963 1058 1061 983 968 958 1059 

14 1761 1670 1598 1532 1475 1455 1412 1374 1264 1191 1179 1165 1118 1012 
8 1655 1692 1633 1546 1539 1541 1496 1126 
17 1169 1614 1271 1579 1440 1244 1301 1654 1558 1545 1487 1406 1339 1209 1345 1163 1721 

8 1741 1663 1522 1415 1341 1254 1142 1035 
17 1645 1649 1592 1536 1533 1351 1269 1328 1202 1239 1183 1295 1182 1184 1108 1104 1171 
14 1565 1205 1166 1132 1218 1186 1188 1544 1613 1653 1289 1601 1311 1293 

7 1742 1659 1518 1417 1314 1141 1036 
8 1616 1509 1350 1352 1304 1250 1180 1094 
7 1224 1387 1303 1602 1465 1377 1072 

7 1743 1660 1519 1419 1315 1143 1037 
11 1583 1559 1524 1481 1247 1347 1319 1286 1216 1120 927 
9 1283 1317 1570 1221 1381 1479 1526 1230 1588 

11 1766 1707 1688 1625 1504 1420 1336 1235 1194 1129 1016 
20 1691 1548 1618 1666 1634 1540 1486 1497 1308 1361 1342 1273 1197 1243 1233 1085 1128 1115 1147 1542 
19 1604 1629 1568 1580 1300 1176 1550 1470 1686 1461 1675 1260 1379 1210 1189 1547 1170 1071 1276 

12 1420 1410 1431 1409 1419 1418 1417 1416 1415 1414 1413 1412 
8 1359 1483 1490 1485 1366 1369 1332 1484 
12 1451 1390 1396 1384 1397 1448 1398 1447 1459 1400 1393 1389 

15 1016 1005 1037 1024 993 1004 1036 1015 992 1014 1035 1013 991 1025 1012 
13 1085 927 932 1101 1095 1135 926 921 1111 915 916 947 949 
16 973 985 1074 1063 1086 1044 1076 954 1065 960 962 1046 1057 970 1054 1047 

9 1744 1665 1587 1514 1423 1343 1255 1146 1038 
15 1644 1593 1534 1650 1538 1296 1329 1346 1268 1185 1240 1177 1175 1203 1172 
9 1652 1567 1554 1215 1635 1297 1192 1312 1290 

16 1766 1753 1786 1765 1810 1775 1776 1742 1764 1785 1763 1800 1762 1784 1755 1761 
13 1851 1824 1711 1672 1837 1678 1841 1816 1694 1874 1700 1836 1838 
14 1715 1793 1822 1938 1791 1807 1811 1733 1727 1809 1720 1794 1725 1736 

7 1745 1661 1520 1425 1322 1149 1039 
8 1617 1510 1305 1251 1353 1348 1181 1134 
6 1458 1603 1075 1378 1267 1200 

5 1746 1662 1521 1427 1316 
8 1582 1525 1560 1248 1349 1320 1287 1217 
9 1220 1282 1318 1569 1586 1258 1144 1529 1376 

14 1767 1708 1687 1676 1626 1551 1501 1462 1411 1391 1333 1237 1145 1023 
19 1624 1667 1549 1619 1489 1502 1471 1358 1360 1245 1309 1365 1270 1223 1139 1187 1148 1116 1083 
12 1506 1253 1222 1438 1705 1196 1584 1278 1402 1150 1092 1261 

12 1428 1411 1432 1408 1427 1426 1425 1424 1423 1422 1421 1420 
8 1482 1480 1488 1492 1363 1367 1331 1491 
12 1394 1399 1460 1383 1449 1452 1446 1388 1386 1385 1450 1395 

11 1016 1026 994 1017 1038 1018 995 1019 1039 1006 1023 
17 924 945 1110 941 1105 953 934 1113 1097 874 897 898 936 938 1102 1096 1121 
20 978 1053 972 977 986 1073 959 1080 957 965 1048 1078 1049 1068 964 1069 984 1050 1062 1077 

4 1238 1213 1161 1159 
8 1214 1274 1284 1161 1127 1281 1236 1106 
1 1067 

8 1747 1647 1456 1327 1228 1137 1103 1043 
7 1503 1628 1530 1656 1392 1236 1373 
8 1605 1430 1638 1535 1288 1337 1566 1537 

8 1500 1443 1442 1401 1310 1256 1266 1227 
9 1564 1513 1478 1392 1266 1357 1178 1206 1265 
0 

9 1769 1668 1516 1442 1401 1310 1226 1131 1022 
6 1651 1703 1499 1561 1206 1138 
6 1157 1704 1362 1562 1623 1498 

9 955 919 861 653 515 492 369 175 30 
13 948 813 892 583 687 261 336 418 108 146 201 74 419 
15 571 212 810 131 257 483 455 73 902 943 312 105 708 445 424 

19 1022 1028 997 1032 1030 987 999 1043 998 1042 1021 996 1020 1041 1002 1001 1040 1000 1023 
7 1109 909 1190 928 929 923 1139 
12 1079 981 1070 1066 1064 1136 1084 975 1090 971 979 1125 

7 997 885 647 491 347 149 29 
10 751 903 713 267 391 345 299 234 123 577 
12 297 348 482 443 536 501 77 236 951 726 243 750 

7 987 883 645 489 346 148 28 
9 807 629 657 576 269 189 328 397 390 
10 327 656 229 490 786 537 441 249 527 448 

10 996 889 756 722 641 487 385 244 125 27 
23 845 765 854 673 669 310 367 396 289 195 253 217 194 196 99 95 170 371 580 581 426 422 582 
23 135 872 453 452 668 198 488 530 179 449 288 344 485 314 787 311 766 486 531 450 526 141 193 

10 1023 908 740 602 476 394 252 203 130 26 
19 918 876 834 811 677 678 658 715 610 553 473 592 331 382 429 384 205 290 241 
19 383 427 741 825 561 353 484 674 225 946 307 202 667 617 685 836 847 525 338 

9 0 4 29 2 28 15 27 8 26 
6 92 86 143 104 87 129 
9 43 52 56 63 32 37 42 60 33 

6 904 721 628 481 340 216 
20 831 763 689 761 703 649 652 597 542 608 521 440 417 296 265 237 169 142 184 881 
18 743 709 575 264 863 844 415 166 421 719 663 662 560 591 116 255 276 164 

8 896 785 680 539 399 322 224 100 
15 931 891 818 690 622 666 585 499 461 599 411 284 199 134 126 
12 459 462 619 603 604 626 808 911 138 140 366 305 

10 785 784 783 782 781 780 682 574 517 519 
18 824 704 858 696 859 856 857 691 694 716 644 595 601 552 470 457 478 614 
12 748 747 738 544 801 805 802 508 744 727 803 749 

12 994 895 780 682 574 507 438 370 320 302 247 232 
13 820 870 855 389 387 393 180 187 226 406 256 404 403 
30 325 631 612 352 335 303 208 207 281 321 324 827 821 864 754 534 364 351 616 363 248 319 961 362 358 498 495 280 274 376 

16 1016 914 826 770 712 632 572 513 412 330 278 258 218 163 114 23 
23 878 867 815 683 718 724 671 620 634 529 579 472 524 465 423 349 308 409 262 251 204 190 120 
10 871 676 136 672 648 1093 742 966 593 865 

9 23 7 17 13 24 11 25 6 26 
11 75 112 118 85 79 96 107 93 88 101 83 
10 66 58 57 72 50 65 61 69 34 62 

7 992 893 767 771 768 769 770 
12 838 772 843 697 835 842 700 705 701 839 837 814 
17 795 764 849 792 736 734 816 791 794 793 733 737 969 806 728 739 735 

17 568 550 524 540 513 467 412 330 278 258 218 181 161 168 214 277 333 
8 636 522 503 213 309 270 294 413 
9 430 569 254 435 466 545 178 185 176 

10 567 566 543 493 372 235 192 160 167 279 
27 502 623 637 468 479 514 558 505 402 447 293 329 380 273 268 230 144 221 124 122 137 222 286 446 121 710 660 
31 549 586 151 565 177 711 504 646 378 532 547 589 291 287 152 275 233 548 588 150 563 304 162 113 158 444 434 153 147 159 664 

7 991 917 773 509 259 133 21 
18 912 884 833 832 755 757 642 431 343 414 298 511 556 240 89 238 156 165 
14 442 557 510 730 640 910 873 174 197 220 342 698 350 860 

9 1012 925 828 684 555 436 337 172 20 
23 888 913 875 812 796 841 729 655 659 714 606 554 474 533 432 428 381 313 219 106 332 360 206 
21 433 570 840 341 788 746 496 379 732 469 454 242 373 789 887 638 907 879 292 618 639 

8 23 9 16 22 14 21 3 20 
9 71 110 109 70 82 90 80 106 94 
10 48 36 59 40 38 35 45 47 44 41 

9 990 905 720 627 480 339 215 115 19 
26 880 830 900 762 760 702 688 651 650 609 596 451 416 374 439 541 520 295 239 266 183 186 154 145 97 78 
20 882 171 211 420 587 562 405 758 707 901 263 661 790 675 590 654 559 822 173 157 

11 989 942 862 779 679 538 398 318 228 103 18 
15 930 890 817 692 621 584 665 500 460 598 408 285 132 200 127 
13 920 906 458 139 306 605 607 625 809 950 155 463 368 

13 988 894 774 681 573 506 437 375 361 315 300 245 231 
20 819 869 850 594 643 717 600 471 551 392 456 388 395 182 188 407 227 400 401 260 
23 210 301 334 355 356 246 354 535 846 868 209 323 317 611 365 326 272 494 357 283 359 377 282 

11 779 778 777 776 775 774 681 615 594 518 512 
11 823 706 695 699 853 848 693 852 851 477 613 
14 546 800 516 799 804 731 745 797 753 798 752 630 759 497 

10 1007 1027 967 956 886 624 425 316 223 31 
11 866 723 633 670 528 578 410 464 191 250 119 
12 829 386 128 523 271 725 564 974 635 475 686 1055 

7 1 12 18 10 19 5 20 
8 76 111 117 84 98 81 102 91 
10 51 68 46 39 67 64 49 54 55 53 

