17935 32624 33664 32644 22239 32683 12535 24985 28699 15128 24395 33667 ;
27067 17366 17902 24952 22270 15002 24923 12682 23474 27146 12502 32674 29898 32643 30033 30913 22097 ;
9742 23390 15101 16091 14745 23418 12443 18409 27576 18208 32709 32708 19787 29952 31239 14718 28997 11248 27801 28395 11937 ;
11275 15491 12167 15056 23079 25237 17393 17875 12590 24895 17339 32965 ;
24233 15029 ;
32931 11193 32930 24260 9929 ;
18098 12139 24287 14831 30869 18044 18591 ;
27716 10756 12901 22178 21022 ;
32574 17686 9601 15262 13181 22151 13481 ;
28980 17583 13652 17604 12933 30853 29052 10728 12960 24151 ;
22471 12987 20132 13041 20919 15235 12023 26633 30940 ;
34198 11822 19760 26605 16064 22382 21412 29757 12471 9964 28287 28314 10670 27036 ;
10814 15982 34185 10638 11996 28423 11795 9847 27008 27743 29839 29785 24205 23446 ;
32567 21358 10842 27630 26475 21049 13706 29703 9656 20073 ;
18071 24314 21214 32546 28341 22499 10787 13598 15208 16119 ;
13236 25042 9759 23332 27603 24038 ;
9628 27684 17990 20885 20100 12050 28478 18293 ;
18235 15765 27522 10982 26650 ;
30006 16173 15155 11964 13570 14652 29622 22527 27549 25649 15874 32804 13679 32803 ;
15847 9574 9820 13154 22586 20159 29111 10955 18142 ;
27657 23251 17713 17962 21076 28450 21331 29084 29812 32838 13126 21614 32846 ;
30956 22124 28727 19733 18675 32850 20974 11778 12377 26282 20046 9548 14773 23165 18489 22613 21385 11749 23192 26309 20947 16410 25577 21440 9494 28812 13542 20018 24069 10611 18435 11920 11903 27495 27464 22640 23132 ;
18463 18382 27812 24097 24124 15295 29025 15901 27774 13014 18017 26577 24178 35139 13625 21493 16037 25069 18262 28953 32773 22559 26519 25632 ;
21250 29676 15792 9683 9875 23278 12108 22355 18351 13099 13733 10870 9902 24012 ;
15819 16982 28754 29146 13072 17556 10924 21524 29649 19815 26550 12077 26255 12278 11064 ;
22418 29730 26502 ;
18648 18565 20995 23359 16146 14800 18324 14691 18622 ;
17202 24694 23305 15711 20651 16955 29979 16545 26228 22444 24666 34320 25550 16846 20570 34295 ;
16379 21187 15630 15928 13454 25707 18516 21760 18548 27410 17066 31040 31038 20394 11716 15551 10524 33885 28260 26844 16297 15578 16351 23985 11586 ;
21671 26448 13401 17040 20540 21641 ;
21466 16266 11607 16204 18768 25765 ;
19072 20509 20826 14094 26197 20799 ;
18964 19100 ;
11302 14513 15738 21702 34453 17283 24558 26872 10389 14167 14625 ;
27920 18991 20214 14167 14625 20768 14194 15657 25336 25487 23850 14486 14432 22862 ;
25680 18875 16324 28233 10497 26363 18795 ;
33425 34042 33338 33319 33228 33266 33200 11661 ;
20245 23958 33376 20597 33146 28839 11876 ;
26171 22779 18733 19046 21130 33048 33043 20337 13512 ;
19236 21304 11497 10046 ;
18848 15609 27437 25738 22670 26421 10557 11849 33403 17009 26926 24783 13333 21103 ;
33944 21733 14598 16231 14013 33906 26816 24810 23904 14140 11560 26789 26105 25367 26899 10584 17256 21587 16928 ;
16573 23792 20858 15684 10416 28206 26677 22752 22697 20363 11329 34634 25515 26016 24864 20425 26132 ;
16627 22724 16600 24752 26074 26704 20306 14040 ;
16901 23877 20478 17229 18933 20451 14067 24725 ;
13904 10362 25421 25394 ;
26336 15955 ;
15349 22998 20276 29262 14459 19317 23931 10336 ;
12845 33114 13850 35354 33083 33482 13877 19262 27267 19598 17147 19289 10083 25904 24504 ;
27839 24531 12790 11442 33825 25989 27240 11410 17447 13823 31166 25128 21976 16818 28505 25958 19544 24476 33078 ;
21923 10110 17175 21949 15376 16763 16736 22971 11081 31123 33504 33524 23052 33533 33564 ;
19988 14405 14378 16791 12763 29200 33545 11470 28532 ;
21787 28899 29173 25931 23706 29405 15408 27947 15322 24449 14351 19427 14571 25877 32986 10220 19154 ;
19625 16464 10251 16518 10305 29486 25448 28179 19181 24612 29567 10193 ;
;
11383 20710 19209 16437 22806 25792 27209 28926 ;
10138 29540 17120 19679 25846 11356 29459 34410 34409 ;
25210 29513 13959 20679 13931 23679 35268 14303 14540 22916 31188 ;
28152 14276 27866 10278 27294 13796 20187 21869 ;
25183 24639 27893 26731 13986 23734 19127 27321 ;
27209 17093 22944 28094 26762 23761 ;
28121 32966 29432 29595 28671 17821 28005 22835 24422 27978 14975 19571 12194 12247 29227 16491 24585 ;
10697 28368 16010 19652 27383 25012 20737 27174 18115 28067 14860 28036 15182 27348 ;
32986 16654 28590 22070 14949 33848 31073 12221 25264 15084 ;
14330 29352 23626 27120 ;
19490 16681 33000 33013 11137 29297 22043 33623 33717 10066 23501 ;
33767 12563 33742 19929 19871 12709 23545 29867 33787 33670 ;
17502 29378 14887 28559 33691 23572 11164 16708 23025 28617 ;
14914 31252 15463 19454 17474 22008 19897 12650 19843 11220 29925 17741 24341 ;
28644 ;
