20 191 165 93 113 208 67 264 70 47 103 171 88 140 162 115 105 211 202 80 139 

7 251 289 304 348 543 312 279 

0 

3 253 268 317 

2 367 375 

11 245 187 261 221 205 144 66 283 99 112 341 

5 54 129 254 357 79 

10 428 469 548 620 536 577 426 384 393 461 

12 786 686 599 730 643 702 771 775 881 853 901 842 

11 385 452 512 523 672 578 594 659 564 447 495 

11 728 898 1131 652 738 768 789 762 951 979 814 

20 893 1034 1107 1186 1154 1263 1304 1386 1396 1455 1440 1497 1333 1218 1239 1215 1425 933 800 972 

12 1312 1269 1212 1123 1085 1060 1174 1314 1345 1295 1322 1343 

6 1383 1319 1247 1244 1179 1273 

5 1134 1056 1005 945 885 

9 1132 1016 918 826 843 767 708 726 798 

7 751 700 658 569 580 707 841 

7 629 520 441 387 319 365 678 

7 360 278 237 151 324 225 87 

7 50 95 147 189 258 318 438 

11 8 5 25 68 86 190 201 233 83 42 19 

8 10 35 96 160 263 326 273 294 

11 49 81 150 167 301 267 149 98 39 31 40 

7 102 157 207 212 418 316 381 

3 558 513 455 

7 499 359 472 410 342 535 526 

19 602 621 651 698 724 614 758 797 911 963 1002 713 749 641 666 752 716 704 609 

6 1006 1083 1137 1291 1223 1484 

16 1078 1072 953 992 852 850 795 790 899 793 796 783 764 746 840 808 

6 432 377 356 445 395 436 

10 740 705 677 446 482 691 636 663 661 635 

5 557 486 530 608 694 

17 474 485 542 605 721 781 973 1063 1217 1316 1279 1202 773 392 487 714 986 

4 995 1075 1045 1176 

8 1133 1136 1243 1225 1355 1400 1359 1394 

14 1324 1331 1392 1424 1499 1451 1558 1607 1780 1750 1448 1329 1284 1282 

10 1736 1641 1705 1635 1678 1642 1606 1631 1639 1567 

8 2095 2205 2310 2540 2308 2224 2143 2597 

55 1720 1760 1846 2026 2067 2247 2212 2327 2418 2446 2576 2589 2651 2712 2703 2785 2807 2907 2967 2951 3053 3088 3214 2931 1704 1770 1804 1909 1938 1953 2764 2959 2987 3028 2445 2405 2227 2318 2192 2042 2132 2598 2681 2694 2772 2918 3113 3052 2638 2670 2578 2609 2606 2546 2817 

25 1776 1819 1940 2035 2101 2184 2152 2279 2372 2423 2448 2475 2558 2584 2631 2659 2725 2713 2034 1848 1793 2674 2611 2549 2196 

12 1947 2063 2329 2676 2841 1581 1537 2717 2809 1904 2790 2826 

14 2983 3041 3051 3173 3187 3508 3346 3415 3397 3591 3614 3639 2919 3227 

41 3341 3312 3519 3470 3585 3572 3490 3535 3627 3365 3593 3634 3666 3676 3743 3720 3744 3830 3925 4023 4141 4285 3924 3914 3942 4012 4017 3771 3774 3783 3858 3847 3579 3558 3603 3626 3655 3637 3701 3993 3940 

12 4532 4476 4424 3855 3811 3776 3828 4465 4534 4487 4558 4375 

20 3031 2996 3190 3174 3394 3493 3584 3685 3803 3503 3104 3653 3781 3446 3474 3684 3355 3586 2947 3249 

22 4780 4593 4460 4288 4114 3998 4275 4307 4347 4360 4333 4080 4031 4412 4490 4095 4267 4187 4144 4315 4570 4591 

19 4717 4630 4581 4378 4289 4273 4469 4644 4756 4549 4254 4283 4250 4209 4555 4568 4592 4742 4533 

41 4377 4335 4217 4118 4018 3852 3753 3686 3609 3528 3421 3398 3246 4175 4181 4201 4183 4049 4148 4153 3990 4258 4199 4356 4400 4403 4331 4105 4119 3760 3758 3540 3636 3695 3678 3510 3967 4063 4022 3976 3641 

17 2539 2643 2680 2749 2800 2862 2893 3075 3081 3265 3258 3451 2514 3526 3569 2400 2401 

30 2102 2269 2337 2414 2497 2526 2663 2684 2742 2788 2810 2880 2903 2945 2399 2419 2343 2280 2486 2200 2528 2351 2407 2459 2494 2231 2150 2211 2522 2072 

27 1927 1864 1805 1992 2144 2265 2309 2360 2519 2607 2635 1630 1714 1868 1610 1655 2015 2018 2747 2735 2744 2804 2729 1831 1802 1781 1794 

30 3808 3709 3642 3682 3538 3581 3452 3391 3261 3271 3122 3117 2978 2995 3625 3158 3070 3402 3450 3516 3269 3105 3146 3065 3441 3599 3702 3824 3867 3631 

8 2991 2988 2872 2760 3000 3067 2856 2595 

7 4762 4596 4557 4594 4619 4584 4761 

8 4750 4669 4550 4541 4732 4646 4704 4759 

19 4763 4707 4672 4525 4433 4312 4340 4316 4370 4253 4342 4302 4270 4230 4418 4417 4627 4626 4689 

6 4447 4474 4398 4422 4443 4416 

29 4561 4577 4510 4438 4456 4351 4260 4198 4078 4074 4204 4166 4243 4274 4189 4185 4210 4137 4159 4097 4043 4156 4096 4007 4147 4473 4500 4514 4493 

12 4098 4048 3945 3834 3853 3714 3568 3615 3473 4174 4093 4123 

14 3671 3595 3515 3463 3338 3350 3293 3233 3166 3444 3457 3662 3582 3667 

46 3461 3483 3545 3646 3716 3762 3784 3819 3813 3869 3907 3986 3988 3994 3883 4037 3502 3412 3897 3827 3279 3806 4061 4016 3548 3756 3089 3048 3129 3163 3107 4002 4057 4091 4064 4040 3987 4035 3763 3913 3886 3705 3893 3812 3820 3814 

26 3257 3165 3143 3109 3090 2847 2923 2808 2716 2656 2708 2796 2985 2743 2689 2845 2887 2924 2969 2878 3172 3058 3050 3134 3096 3196 

9 2912 2794 2791 2697 2699 2587 2590 2593 2686 

27 2560 2317 2332 2174 2434 2432 2413 2386 2465 2530 2581 2551 2315 2573 2564 2496 2286 2320 2348 2373 2392 2420 2474 2436 2166 2277 2338 

2 2161 2178 

6 2594 2183 1862 2091 2007 1911 

8 2645 2793 2898 3009 3020 3004 2942 2900 

13 3151 3188 3315 3375 3550 3683 3845 4072 3294 3208 3131 3309 4099 

14 3194 3381 3521 3674 3742 3832 3950 3800 3891 3704 3745 3699 3732 3318 

7 2622 2854 2920 3330 3195 3178 2770 

9 2194 2307 2358 2385 2395 1980 2377 2341 2435 

7 2155 2082 2025 1967 2147 2204 1984 

5 1973 1925 1945 1941 1913 

10 4652 4725 4775 4690 4737 4740 4794 4706 4687 4666 

19 4382 4582 4724 4783 4788 4809 4379 4257 4455 4611 4326 4423 4733 4720 4791 4784 4776 4772 4538 

14 4657 4600 4507 4399 4202 4006 4208 4109 4298 4512 4459 4428 4625 4631 

37 4716 4660 4623 4604 4486 4471 4426 4413 4393 4352 4314 4293 4227 4151 4238 4357 4303 4381 4391 4309 4332 4457 4440 4421 4735 4757 4736 4745 4580 4536 4367 4670 4661 4483 4566 4531 4544 

10 4628 4437 4374 4349 4325 4235 4401 4324 4365 4479 

20 3590 3657 3754 3804 3871 3947 4005 4003 4054 4152 4169 3750 4052 3892 3876 3968 3930 4004 4220 3679 

25 3912 3868 3765 3741 3703 3669 3624 3546 3285 3179 3288 3575 3566 3629 3594 3706 3602 3517 3623 3738 3727 3775 3761 3894 3799 

14 3544 3403 3604 3589 3640 3981 3977 3726 3874 3647 3909 3770 3795 3831 

8 3399 3357 3228 3182 3014 3424 2897 2904 

18 3790 3374 3301 3247 3071 2963 2984 2848 2658 2677 2451 3250 3364 3437 3367 2359 2687 2650 

19 2750 2824 2787 2629 2769 2615 2661 2902 2821 2992 2994 3046 2913 2617 2815 2557 2600 2507 2873 

23 3045 3005 2936 2853 2636 2478 2450 2409 2352 2254 2275 2257 1915 2870 2721 2909 2943 1962 1987 2090 1873 1912 1872 

10 2438 2349 2260 2242 2116 2027 1786 1762 2148 2008 

7 1837 1737 1701 1702 1494 1671 1677 

6 869 1128 1022 1018 1084 1011 

18 809 1278 1298 1337 1385 1357 1434 1441 1237 1228 1327 1285 1399 1389 865 1447 909 925 

7 1402 1374 1406 1471 1501 1516 1468 

2 1486 1796 

2 1286 1207 

18 1156 1221 1153 1251 1226 1287 1356 1405 1442 1475 1514 1562 1088 981 1467 1021 1053 1189 

10 1892 1919 1881 1934 1906 1890 1822 1797 1907 1869 

23 1969 1937 1914 1963 1949 2056 2173 2135 2193 2276 2379 2369 2384 1936 1989 1871 1895 1893 2120 2453 2441 2108 2159 

15 1372 1530 1571 1594 1662 1668 1340 1445 1498 1543 1574 1539 1645 1741 1712 

24 1847 1753 1666 1627 1675 1600 1608 1697 1544 1570 2087 1774 1481 1528 1415 2074 1882 2096 2163 2240 1452 1412 2012 2160 

19 3026 2896 2876 2899 2901 2835 2828 2366 2480 2665 2786 2553 2949 2218 2189 2124 2217 2270 2323 

17 3211 3378 3349 3337 3241 3308 3136 3251 3376 3141 3276 3413 3494 3200 3236 3217 3038 

8 3778 3687 3680 3643 3423 3482 3464 3500 

22 4212 4179 4162 4252 4319 4402 4453 4518 4599 4448 4546 4488 4480 4524 4295 3997 4221 4200 4268 4271 4211 4263 

12 4608 4727 4715 4632 4636 4554 4677 4667 4609 4641 4705 4676 

