12 24 96 166 134 327 337 389 89 52 111 182 142 
18 526 424 368 353 490 334 314 452 305 381 279 410 446 270 186 81 48 491 
20 79 152 104 204 133 233 155 150 190 226 245 253 229 285 301 268 356 323 117 100 
12 237 320 263 357 394 438 488 459 543 505 591 651 
19 801 679 818 840 712 754 881 924 825 948 869 1036 988 891 926 1019 1071 1101 1133 
11 916 1059 1018 982 841 897 771 849 695 596 639 
10 584 629 707 528 569 715 778 853 882 479 
10 604 690 511 660 557 611 503 534 439 404 
13 842 814 721 753 785 694 763 740 661 720 640 590 554 
14 1633 1567 1564 1496 1535 1464 1480 1415 1438 1349 1393 1359 1268 1176 
12 1465 1508 1429 1394 1291 1254 1206 1312 1173 1124 1143 1200 
14 1435 1410 1391 1377 1284 1233 1091 1160 1188 1134 1103 1046 1064 1015 
16 1226 1313 1293 1252 1179 1220 1097 1174 1043 1093 968 1013 953 938 987 911 
12 718 772 833 877 934 874 985 1030 992 1079 1113 1249 
8 717 656 791 827 741 852 783 806 
10 537 594 620 558 663 602 698 724 756 674 
8 436 414 463 486 506 546 514 650 
5 787 839 955 908 974 
14 676 708 782 742 764 846 872 817 844 900 918 943 901 1054 
24 732 831 896 794 996 850 815 976 890 941 971 990 1074 1003 1127 1022 1154 1020 1182 1063 1257 1296 1199 1085 
9 631 706 624 781 711 744 848 804 759 
27 130 210 241 220 203 259 224 240 307 258 376 339 280 380 311 409 494 465 358 413 440 551 483 520 646 553 568 
13 544 518 587 614 605 642 654 692 704 743 769 669 621 
6 550 453 516 412 341 317 
10 283 256 332 271 336 293 379 377 455 497 
31 664 645 548 593 426 563 371 197 478 269 251 343 297 164 222 120 177 85 21 126 91 148 77 121 49 228 151 44 64 180 685 
14 1060 1031 1122 1073 1050 1089 1157 1116 1224 1162 1288 1318 1348 1372 
15 1501 1648 1611 1376 1436 1352 1276 1319 1266 1292 1189 1236 1195 1117 1467 
7 1746 1688 1457 1409 1334 1304 1231 
12 1662 1606 1490 1555 1589 1503 1428 1459 1406 1360 1445 1407 
11 1569 1484 1545 1673 1646 1629 1604 1586 1719 1760 1817 
9 1473 1597 1661 1760 1817 1740 1776 1846 1826 
11 1547 1609 1498 1551 1515 1400 1444 1492 1333 1297 1443 
6 1821 1766 1793 1715 1729 1697 
2 1634 1683 
21 2015 2091 2006 2053 1983 2038 2021 1989 1882 1855 1943 1895 1807 1775 1866 1844 1728 1800 1710 1570 1698 
7 2061 2022 2094 2047 2067 2085 2131 
7 2069 2029 2012 1988 1995 1955 1922 
6 1941 1887 1963 1907 1979 1920 
24 1757 1829 1861 1810 1849 1915 1867 1954 1828 1984 2009 2032 2042 2065 2103 2089 2106 2143 2151 2121 2171 2163 2180 2026 
14 2226 2237 2220 2235 2152 2193 2238 2222 2206 2158 2190 2160 2242 2208 
8 2250 2245 2246 2233 2217 2232 2210 2117 
8 2081 2191 2161 2140 2184 2166 2200 2185 
11 1880 1929 1936 2060 2023 2099 2066 2138 2098 2120 2142 
8 2126 2112 2100 2074 1999 2041 1947 1993 
6 2203 2011 1953 1888 1778 1924 
13 1968 1965 2028 1892 1985 1952 1894 1808 1840 1838 1811 1695 1742 
15 1791 1771 1812 1787 1754 1716 1755 1705 1659 1678 1636 1655 1610 1640 1591 
20 1561 1510 1532 1593 1553 1621 1573 1654 1613 1672 1649 1693 1718 1733 1675 1758 1703 1773 1732 1753 
15 1575 1507 1533 1598 1477 1489 1559 1440 1453 1521 1502 1487 1419 1462 1414 
9 1578 1549 1522 1475 1439 1494 1388 1371 1332 
8 1857 1795 1868 1730 1804 1687 1901 1864 
7 2164 2224 2139 2174 2189 2020 2135 
5 2150 2090 1897 2077 1796 
2 291 375 
5 321 374 340 405 477 
7 29 51 18 47 88 158 110 
2 58 162 
2 196 266 
17 28 2 22 56 20 84 106 82 144 179 57 27 5 83 17 34 105 
0 
10 364 392 415 442 469 595 887 939 198 235 
3 1202 1106 1078 
4 1351 1234 1146 1250 
0 
8 1326 1367 1280 1139 1165 1092 1119 1058 
7 1023 1051 1005 980 979 957 903 
0 
9 1088 1138 1178 1337 1246 1265 1185 1136 1108 
4 1413 1383 1411 1321 
1 571 
