12 3076 3100 3117 3053 3017 2981 2927 2688 2758 2823 2839 2874 

18 2678 2731 2720 2816 2780 2776 2831 2863 2916 2937 2979 2871 3066 3070 3032 3031 3115 3098 

15 3075 3040 3078 3003 3008 3067 3077 3004 3006 3005 3074 3071 3058 3057 2984 

17 2956 2924 2898 2820 2835 2869 2857 2787 2734 2789 2754 2755 2813 2822 2791 2923 2970 

28 2884 2799 2862 2698 2697 2704 2762 2792 2761 2712 2790 2763 2812 2885 2853 2827 2860 2941 2912 2921 2910 2897 2900 2911 2975 2976 2973 2696 

8 3091 3099 2996 2997 3068 3014 2998 2676 

8 3131 3122 3124 3123 3119 3118 3146 3145 

3 2783 2836 2865 

8 3055 3015 3132 2926 2821 2848 2719 2744 

7 2991 3132 3087 3111 3034 2989 2993 

17 3097 3059 2968 2944 2873 2950 2995 3030 2850 2943 2868 2877 2969 2804 2772 2710 2750 

2 3044 3125 

8 2724 2808 2815 2764 2700 2516 2784 2814 

6 3092 3063 2987 2888 2753 2681 

13 3016 2951 2977 2864 2888 2802 2867 2811 2770 2760 2741 2709 2801 

12 3108 3136 3086 3011 3065 3007 2957 2964 2826 2705 2702 2541 

6 3138 3137 3045 3141 3129 3110 

8 3082 3042 3046 3000 3112 3116 3061 3072 

11 3073 2974 3009 2870 2875 2800 2781 2743 2722 2736 2665 

5 3135 3128 3127 3107 3143 

1 2828 

3 2958 2859 2954 

11 2500 2672 2690 2463 2689 2740 2530 2687 2410 2525 2541 

9 2484 2384 2324 2224 2216 2074 2131 2077 1930 

10 1702 1701 1606 1867 1706 1849 1697 1826 1944 1674 

5 2323 2318 2392 2364 2320 

4 2426 2031 1886 1920 

13 2448 2328 2327 2480 2490 2454 2424 2295 2228 2198 2127 1983 2061 

11 2199 2120 2088 1990 1898 1966 1853 1890 1835 1833 1832 

14 2514 2447 2423 2300 2277 2106 2173 2178 2103 1976 1912 1958 1989 1878 

23 2359 2437 2503 2551 2517 2446 2298 2232 2149 2115 2181 2145 2069 1980 1893 2021 1972 1862 2250 2233 2249 2252 2356 

8 2438 2451 2444 2297 2321 2302 2296 2449 

4 2184 2175 2182 2174 

14 2097 2102 2104 1974 1993 1977 1978 1955 2099 2098 1979 1973 2095 1914 

9 2685 2545 2501 2524 2512 2529 2513 2539 2515 

12 1709 1673 1854 1677 1846 1845 1696 1820 1699 1829 1865 1884 

4 2404 2450 2441 2251 

21 2172 2081 2192 2177 2096 2089 2058 2138 1988 2000 1900 1901 1999 1904 1997 1995 1924 1899 1902 1889 1927 

17 2499 2496 2429 2330 2190 2234 2165 2092 2113 2073 2003 2030 1844 1877 1929 1887 2248 

26 2478 2445 2533 2523 2474 2353 2442 2379 2319 2212 2270 2229 2201 2143 2151 2085 2093 2052 2006 2049 1996 1873 1961 1959 1917 1881 

25 2537 2468 2427 2413 2357 2307 2305 2266 2221 2176 2210 2262 2041 2082 2137 2168 2130 2080 2050 1939 1827 1840 1888 1932 1991 

14 2511 2506 2542 2686 2701 2546 2670 2527 2756 2675 2674 2547 2519 2540 

16 2691 2664 2694 2663 2535 2662 2493 2494 2553 2671 2528 2538 2679 2667 2520 2684 

27 2386 2534 2476 2443 2349 2303 2338 2387 2255 2260 2304 2206 2135 2147 2076 2121 2196 2023 1970 1994 1883 1919 1916 1880 1843 1839 1693 

15 2486 2526 2473 2273 2239 2343 2314 2180 2256 2159 2117 1872 2010 1866 1931 

15 2432 2433 2350 2461 2456 2348 2460 2344 2347 2459 2360 2290 2254 2265 2169 

11 2458 2431 2467 2257 2209 2157 2105 2166 2107 1915 1918 

7 1947 2111 1992 2101 2112 2116 1943 

11 2549 2465 2374 2118 2164 2200 2235 2279 2322 1943 1863 

15 1852 1698 1834 1842 1825 1695 1689 1831 1858 1682 1683 1818 1855 1710 1713 

12 1664 1681 1615 1571 1641 1523 1453 1371 1326 1299 1204 1112 

18 1658 1680 1589 1631 1632 1515 1585 1370 1313 1356 1468 1439 1285 1225 1232 1167 1098 1156 

15 1639 1599 1643 1552 1557 1636 1642 1553 1556 1555 1640 1637 1563 1620 1621 

14 1512 1469 1528 1382 1354 1435 1279 1306 1334 1207 1257 1249 1212 1140 

18 1511 1505 1444 1404 1445 1364 1340 1195 1242 1292 1325 1272 1234 1280 1355 1294 1252 1199 

13 1380 1263 1124 1208 1133 1123 1441 1405 1403 1433 1508 1434 1122 

19 922 944 1107 933 940 1099 1089 952 1091 899 877 1081 1082 939 1119 1088 1114 935 937 

8 1655 1692 1633 1546 1539 1541 1496 1126 

17 1645 1649 1592 1536 1533 1351 1269 1328 1202 1239 1183 1295 1182 1184 1108 1104 1171 

8 1616 1509 1350 1352 1304 1250 1180 1094 

11 1583 1559 1524 1481 1247 1347 1319 1286 1216 1120 927 

20 1691 1548 1618 1666 1634 1540 1486 1497 1308 1361 1342 1273 1197 1243 1233 1085 1128 1115 1147 1542 

8 1359 1483 1490 1485 1366 1369 1332 1484 

13 1085 927 932 1101 1095 1135 926 921 1111 915 916 947 949 

15 1644 1593 1534 1650 1538 1296 1329 1346 1268 1185 1240 1177 1175 1203 1172 

13 1851 1824 1711 1672 1837 1678 1841 1816 1694 1874 1700 1836 1838 

8 1617 1510 1305 1251 1353 1348 1181 1134 

8 1582 1525 1560 1248 1349 1320 1287 1217 

19 1624 1667 1549 1619 1489 1502 1471 1358 1360 1245 1309 1365 1270 1223 1139 1187 1148 1116 1083 

8 1482 1480 1488 1492 1363 1367 1331 1491 

17 924 945 1110 941 1105 953 934 1113 1097 874 897 898 936 938 1102 1096 1121 

8 1214 1274 1284 1161 1127 1281 1236 1106 

7 1503 1628 1530 1656 1392 1236 1373 

9 1564 1513 1478 1392 1266 1357 1178 1206 1265 

6 1651 1703 1499 1561 1206 1138 

13 948 813 892 583 687 261 336 418 108 146 201 74 419 

7 1109 909 1190 928 929 923 1139 

10 751 903 713 267 391 345 299 234 123 577 

9 807 629 657 576 269 189 328 397 390 

23 845 765 854 673 669 310 367 396 289 195 253 217 194 196 99 95 170 371 580 581 426 422 582 

19 918 876 834 811 677 678 658 715 610 553 473 592 331 382 429 384 205 290 241 

6 92 86 143 104 87 129 

20 831 763 689 761 703 649 652 597 542 608 521 440 417 296 265 237 169 142 184 881 

18 931 891 818 690 622 666 585 499 461 599 411 284 199 134 126 226 404 403 

18 824 704 858 696 859 856 857 691 694 716 644 595 601 552 470 457 478 614 

10 820 870 855 389 387 393 180 187 406 256 

23 878 867 815 683 718 724 671 620 634 529 579 472 524 465 423 349 308 409 262 251 204 190 120 

11 75 112 118 85 79 96 107 93 88 101 83 

14 838 772 843 697 835 842 700 705 701 839 837 814 710 660 

8 636 522 503 213 309 270 294 413 

25 502 623 637 468 479 514 558 505 402 447 293 329 380 273 268 230 144 221 124 122 137 222 286 446 121 

18 912 884 833 832 755 757 642 431 343 414 298 511 556 240 89 238 156 165 

23 888 913 875 812 796 841 729 655 659 714 606 554 474 533 432 428 381 313 219 106 332 360 206 

9 71 110 109 70 82 90 80 106 94 

26 880 830 900 762 760 702 688 651 650 609 596 451 416 374 439 541 520 295 239 266 183 186 154 145 97 78 

17 930 890 817 692 621 584 665 500 460 598 408 285 132 200 127 227 400 

18 819 869 850 594 643 717 600 471 551 392 456 388 395 182 188 407 401 260 

11 823 706 695 699 853 848 693 852 851 477 613 

11 866 723 633 670 528 578 410 464 191 250 119 

8 76 111 117 84 98 81 102 91 

