23 12 26 56 60 228 221 424 430 492 487 514 518 529 569 662 586 728 621 711 722 563 541 129 

25 8 18 22 44 42 137 219 210 290 332 337 473 568 771 803 850 930 1247 1218 1278 1047 959 1192 674 126 

10 28 82 98 63 199 148 314 293 128 36 

11 348 248 317 204 132 99 117 149 211 225 270 

8 376 361 444 412 350 316 255 309 

5 67 459 101 59 39 

21 343 321 287 278 242 246 176 326 339 322 280 241 238 226 151 202 135 138 307 156 264 

7 138 158 234 184 182 144 276 

5 143 114 125 140 283 

11 515 550 476 494 437 452 417 513 365 427 525 

13 658 632 726 581 719 724 723 740 739 807 811 792 777 

14 952 891 881 950 879 946 1018 1020 1025 1027 1021 954 878 1044 

13 1143 1085 1074 1133 1272 1104 1176 1067 989 903 1134 1137 1256 

13 694 785 731 853 859 991 983 1061 1051 895 860 786 779 

13 329 380 438 471 484 512 565 552 598 710 775 840 375 

28 265 345 305 342 399 366 405 474 502 453 503 612 695 857 721 788 755 796 914 908 1024 1112 454 415 846 391 852 986 

16 537 551 634 622 666 573 516 429 479 422 450 527 538 614 693 646 

19 608 609 649 736 659 767 747 718 700 660 639 870 894 966 844 867 725 821 753 

15 781 791 841 877 892 833 896 918 953 1005 1016 1081 944 901 823 

14 907 1001 1033 1056 1118 1153 1161 1214 1125 1223 1245 984 999 935 

21 1310 1281 1172 1288 1323 1385 1432 1378 1497 1466 1567 1549 1645 1673 1635 1248 1428 1126 1173 1255 1563 

18 1677 1574 1641 1516 1527 1627 1586 1481 1435 1396 1351 1312 1686 1102 1346 1273 1483 1151 

20 1502 1520 1594 1575 1658 1630 1678 1750 1705 1840 1752 1812 1922 1854 1994 2087 2161 1655 1758 1869 

10 2163 2244 2183 1993 2058 1958 1885 1936 1908 1967 

31 1762 1944 1810 1891 1938 2076 2000 2166 2071 2256 2270 2187 2295 2393 2365 2482 2659 2601 2648 2693 2818 2930 2806 2932 1743 2906 1706 2003 1784 1843 1928 

21 2135 2067 2207 2284 2281 2174 2339 2344 2437 2380 2518 2503 2591 2579 2643 2741 2852 2902 2942 2897 2432 

15 2345 2395 2578 2727 2617 2858 2847 2909 2856 2962 2938 2959 2918 2987 2968 

17 2544 2411 2084 2006 1886 1881 1836 1794 1745 1676 1577 1547 2157 2487 2336 2162 2330 

9 3078 2371 2204 1996 748 9 2461 212 1719 

22 3112 3111 3167 3124 3222 3192 3300 3221 3295 3398 3471 3533 3483 3556 3658 3696 3603 3682 3738 3756 3811 3334 

12 3753 3678 3749 3478 3452 3269 3200 3623 3677 3667 3642 3579 

13 3823 3819 3788 3757 3765 3672 3628 3574 3559 3244 3360 3535 3433 

17 3664 3587 3563 3454 3488 3333 3235 3282 3237 3497 3598 3600 3686 3762 3784 3781 3602 

10 3832 3873 3838 3865 3875 3842 3845 3900 3897 3883 

37 4580 4448 4326 4350 4268 4222 4197 4124 4031 4008 4069 3954 3933 3920 3908 3824 3810 3737 3715 3706 3650 3560 3537 3434 3358 3277 3231 4228 3707 3698 4066 4079 4037 3914 4005 3928 3880 

10 4006 3980 3994 4046 4098 3981 3934 3972 3987 4003 

18 3002 3025 3040 3044 3058 3287 2999 3033 2949 3126 3127 3090 3272 3239 3207 3199 3303 3128 

25 2449 2388 2483 2445 2523 2549 2701 2598 2606 2758 2610 2613 2798 2645 2671 2680 2602 2925 2668 2937 2546 2920 2682 2882 2635 

13 3048 3134 3324 3258 3110 3263 3103 3096 3000 3021 3065 3013 3089 

8 2886 2947 3256 3265 3299 3370 3385 2716 

27 3539 3399 3395 3545 3547 3409 3542 3351 3414 3369 3406 3435 3437 3402 3401 3576 3573 3578 3568 3566 3297 3432 3290 3304 3298 3393 3356 

11 3666 3662 3661 3660 3655 3653 3618 3593 3575 3617 3798 

19 2346 2136 2239 2149 2215 2269 2331 2453 2370 2510 2433 2574 2460 2553 2057 2551 2412 2030 2494 

7 2480 2304 2409 2293 2199 2004 2209 

40 2688 2661 2577 2522 2496 2050 1940 1889 1779 1760 1714 1675 1644 1674 1582 1491 1487 1404 1403 1338 1328 1080 1086 939 1069 956 1009 1052 1123 1059 1129 1475 1546 1424 2517 1737 2587 2061 1410 1457 

10 2193 2261 2192 2440 2383 2564 2530 2283 2506 2410 

16 1184 1162 1205 1291 1166 1268 1156 1252 1340 1283 1345 1353 1445 1454 1269 1242 

6 1294 1333 1359 1437 1471 1538 

13 1535 1636 1552 1663 1648 1557 1360 1289 1244 1231 1149 1114 1130 

9 1299 1344 1354 1525 1426 1389 1355 1371 1305 

17 1525 1426 1500 1419 1407 1553 1380 1365 1363 1356 1441 1503 1295 1298 1238 1564 1624 

9 1542 1447 1584 1711 1859 1943 1953 1746 1821 

19 1659 1551 1763 1713 1816 1661 1748 1753 1825 1683 1693 1632 1626 1587 1700 1634 1995 1681 1896 

15 1931 1797 1950 1864 1957 2008 1846 2007 1933 1991 1874 1909 2065 1808 1987 

18 1970 2027 2054 2095 2198 2064 2180 2119 2308 2154 2268 2172 2112 2104 2034 2015 2051 2133 

12 1787 1722 1759 1831 1956 1974 1949 1914 1747 1880 1740 1739 

11 2558 2583 2276 2470 2271 2143 2082 2089 2085 2029 2009 

6 2220 2236 2275 2066 2337 1992 

40 2361 2364 2504 2618 2636 2565 2568 2459 2570 2443 2381 2501 2320 2452 2377 2313 2431 2213 2318 2372 2257 2321 2274 2211 2248 2140 2158 2114 2118 2005 2038 2131 2099 2044 2282 2101 2237 2302 2181 2167 

31 2417 2435 2396 2509 2442 2255 2476 2580 2652 2817 2625 2665 2614 2841 2628 2849 2552 2555 2512 2490 2170 2533 2975 2569 2957 2908 2647 2911 2540 2508 3037 

10 2827 2913 2989 3035 3142 3178 3283 3109 3066 2983 

16 3173 3219 3289 3536 3286 3270 3463 3377 3354 3332 3243 3161 3215 3293 3104 3582 

10 3152 3276 3140 3193 3071 3097 3092 2997 2910 3003 

9 2678 2850 2853 2994 2965 3361 3337 3407 3049 

28 2651 2681 2700 2731 2742 2873 2803 2612 2811 2708 2689 2855 2878 2695 2970 2747 2862 2748 2654 2486 2596 2646 2609 2603 2622 2604 2592 2615 

10 2859 2889 2991 3099 3166 3284 3342 3366 3396 2979 

15 2866 2961 2935 2895 2916 3018 3029 3080 3093 3302 3346 3425 3020 2981 3098 

14 2692 2879 2934 2892 2944 2973 3039 3119 3101 3246 3273 3419 3422 2990 

11 3327 3312 3390 3637 3790 3645 3647 3643 3611 3670 3797 

20 3936 3952 3893 3998 3894 3911 3986 3925 3855 3836 3882 3834 3896 3939 4022 3940 3973 3982 3640 3833 

9 4035 4018 4034 3992 4199 4258 4123 4231 4150 

12 4119 4088 4158 4249 4232 4307 4299 4346 4289 4391 4313 4427 

26 4068 4038 4048 4108 4059 4126 4078 4115 4135 4121 4057 4039 4065 4335 4284 4426 4462 4260 4354 4429 4395 4452 4388 4172 4090 4195 

21 4134 4187 4141 4224 4259 4262 4349 4389 4457 4420 4546 4483 4482 4486 4455 4415 4155 4401 4411 4169 4410 

16 4471 4475 4464 4470 4473 4468 4472 4458 4454 4459 4476 4480 4477 4478 4481 4432 

13 4404 4377 4339 4359 4302 4327 4340 4331 4355 4414 4422 4273 4234 

14 4229 4203 4182 4176 4186 4216 4270 4393 4463 4408 4375 4407 4274 4293 

17 4382 4312 4277 4244 4210 4140 4009 4060 4072 4145 4254 4245 4242 4230 4225 4054 4129 

9 4279 4451 4374 4469 4465 4385 4453 4292 4324 

