9 3988 3846 3763 3682 3593 3547 3469 3379 3325 
9 4006 4048 3962 3895 3836 3778 3751 3698 3620 
9 4157 4140 4107 4034 4026 3976 3921 3883 3830 
10 4228 4173 4092 4111 3861 3724 3660 3606 3445 3386 
11 3293 3105 3248 3083 3057 3006 3015 2882 2853 2930 3008 
7 2958 2741 2490 2254 2139 2061 1785 
7 1261 1707 2564 2526 2697 1986 2621 
22 2148 2283 2172 2271 2452 2299 2426 2676 2747 2000 2802 2746 2771 2716 2197 2086 2113 2774 2619 2604 2617 2115 
8 2921 3040 3094 3140 2962 2952 3039 3032 
31 4184 4115 4061 3994 3925 3892 3815 3634 3578 3516 3273 3246 3223 3195 3188 3167 3135 3944 4029 3544 3510 3555 3964 3991 3259 3255 3311 3882 4014 3213 3202 
13 3196 3480 3551 3651 3927 3191 3513 3523 3146 3511 3576 3181 3183 
45 3329 3446 3532 3616 3591 3666 3657 3784 3870 3939 3851 4082 4021 4152 4113 4224 4307 4398 4363 4402 4463 4502 4546 4607 4603 4630 4517 3718 4395 4629 3470 3437 4008 4023 3924 4392 4625 4640 4338 4609 4248 4284 4196 4437 4489 
41 4594 4587 4580 4568 4543 4513 4505 4494 4443 4394 4380 4336 4251 4518 4526 4484 4341 4223 4340 4421 4267 4323 4575 4506 4539 4304 4414 4334 4608 4487 4466 4569 4520 4384 4192 4560 4233 4561 4271 4132 4454 
45 4452 4462 4422 4389 4379 4357 4333 4312 4301 4250 4249 4158 4060 4108 3931 3959 3766 4266 4435 4460 4151 4254 4415 4200 4244 4177 4272 4295 4403 4388 4364 4288 4167 4240 4193 4044 4096 3956 3945 4043 4344 4305 3907 4065 4480 
40 3679 3758 3825 3856 3833 3972 3888 3993 3885 3936 4055 3984 4103 4049 4147 4066 4259 4239 3732 3611 4154 4195 4129 3762 3707 3604 3812 4146 4156 4091 3789 3970 4088 3981 4352 4252 4310 3874 3809 4089 
28 3756 3624 3831 3577 3656 3573 3628 3605 3483 3416 3515 3405 3371 3468 3333 3307 3538 3600 3737 3658 3727 3743 3372 3792 3693 3850 3594 3418 
12 3522 3489 3488 3406 3453 3368 3332 3242 3284 3277 3274 3352 
12 3208 3159 3222 3254 3295 3409 3349 3436 3401 3466 3281 3303 
11 3560 3506 3615 3701 3787 3300 3302 3344 3557 3463 3767 
29 3599 3673 3668 3822 3818 3909 3950 4024 4068 4072 4174 4148 4265 4313 4321 4413 4410 4458 4070 4320 3992 4191 4123 4136 4227 4342 4030 4292 4234 
18 4446 4523 4590 4503 4553 4595 4531 4612 4636 4638 4564 4476 4456 4473 4586 4571 4579 4365 
13 4496 4491 4447 4439 4411 4386 4356 4359 4408 4383 4522 4509 4370 
12 4013 3890 4001 3887 3837 3827 3744 3738 3617 3905 3632 3938 
5 4495 4433 4299 4207 4199 
8 4069 4260 4127 4282 4315 3967 4007 4319 
4 4033 3528 3932 3979 
5 3897 3771 3633 3877 3713 
6 3507 3460 3411 3410 3323 3378 
8 3138 3235 3239 3266 3288 3430 3153 3370 
10 4602 4426 4238 3753 3561 3880 3923 4041 3726 3546 
7 3948 4094 4297 4216 4337 4205 4273 
13 4563 4467 4425 4302 4197 4112 3935 3879 3798 3719 4351 4101 3977 
8 3684 3662 3873 3966 3917 4097 3584 3772 
19 3783 3805 3866 3980 3995 4150 4276 4298 4381 4445 3860 4218 4339 4100 4221 4145 3799 4063 4073 
12 3973 3919 3911 3839 3541 3572 3603 4027 4025 4004 4057 4067 
13 3487 3350 3251 3263 3060 2904 2797 2569 2444 2093 3171 2405 2448 
18 3537 3421 3509 3383 3492 3471 3331 3253 3258 3272 3197 3299 3351 3336 3360 3310 3324 3305 
8 3019 3127 3199 3319 3414 2957 3342 3282 
8 2887 2869 2728 2670 2638 2737 2792 3080 
28 2268 2209 2218 2168 2147 2110 2153 2031 2049 2035 2051 2023 1988 1990 1970 2025 2060 1955 1932 2112 2084 1953 1969 1981 1968 2020 1987 2004 
12 2457 2552 2759 2960 3013 3055 3101 2627 2518 2545 2504 2679 
19 2471 2694 2561 2849 2781 2894 2864 2924 2915 2980 2964 2948 2837 2682 2785 2811 2513 2397 2632 
17 2943 2940 2920 2748 2903 2878 2732 2680 2595 2540 2427 2970 2950 2886 2580 3068 3000 
8 3214 3123 3092 3073 2990 3047 3072 3162 
47 3054 3007 2967 2979 2893 2928 2873 2744 2731 2711 2672 2635 2642 2618 2556 2519 2531 2473 2392 2361 2278 2304 2258 2212 2176 2100 3056 2277 2189 2671 2314 3024 2987 2714 2703 2145 2216 2677 2698 2640 2704 2715 2315 2240 2389 3004 2119 
18 2779 2945 2791 2745 2778 2918 2763 2892 2765 2775 2761 2744 2720 2739 2735 2669 2655 2724 
35 2755 2773 2884 2907 2777 2942 3041 2824 3025 2840 2841 2874 3001 2902 2933 3026 2953 3087 3084 3022 3125 3021 3030 3142 3064 3143 3198 3018 3194 2861 2786 2881 2999 2738 3168 
38 2607 2543 2594 2602 2583 2493 2478 2530 2433 2502 2384 2369 2438 2352 2406 2316 2373 2374 2338 2301 2206 2285 2383 2660 2325 2510 2692 2376 2250 2486 2614 2599 2565 2550 2366 2546 2410 2327 
35 2926 2752 2675 2654 2585 2616 2521 2523 2485 2436 2435 2377 2297 2239 2167 2092 2062 2057 2029 1979 1998 1967 1931 2470 2036 2584 2639 2631 2290 2237 2199 2364 2328 2515 2539 
10 2757 2688 2579 2541 2430 2330 2143 1973 1900 1912 
4 2177 2088 2128 2024 
11 1879 1918 1959 1803 1819 1831 1843 2014 1880 2052 2055 
7 2479 2367 2295 2201 1925 2234 2313 
16 1653 1427 1232 1226 1335 1252 1031 1347 1375 1054 1110 1141 1150 969 1374 1420 
3 1356 1416 1512 
4 1563 1436 1523 1610 
2 1115 772 
19 623 745 831 885 1012 704 730 750 777 804 965 665 962 1340 1362 876 904 820 985 
5 1083 1155 1239 1191 1308 
11 421 435 414 515 476 554 525 592 464 392 450 
11 393 323 303 271 230 247 200 159 170 150 202 
31 663 617 573 547 503 492 432 469 357 273 261 358 409 378 529 481 551 408 436 470 651 507 243 429 427 519 546 354 403 359 485 
13 82 122 101 148 204 240 147 85 125 136 161 245 212 
7 483 66 68 65 52 71 77 
26 868 826 766 627 621 534 440 255 232 109 83 51 1 594 532 564 809 530 538 751 722 584 824 635 793 466 
5 1810 1763 1729 1708 1655 
14 1672 1696 1709 1740 1692 1746 1797 1883 1937 1906 1963 1771 1779 1739 
26 1902 1894 1816 1877 1887 1804 1851 1857 1758 1811 1725 1788 1715 1760 1684 1662 1917 1889 1668 1936 1750 1792 1942 1903 1844 1922 
17 2238 2097 2185 2152 2069 1935 1812 1867 1753 1840 1669 1632 2169 2183 1695 1764 1599 
16 1272 1175 923 698 602 415 74 1263 1290 945 31 25 110 49 99 620 
14 1322 1217 1279 1199 1170 1133 1087 1056 1006 1219 984 949 1130 1142 
13 999 1153 1182 1248 1285 1317 1299 1354 1084 1062 1158 1212 1243 
13 1311 1276 1245 1224 1196 1143 1174 1128 1103 946 1050 1169 1090 
31 847 764 931 1005 963 1022 947 957 998 1003 1008 1001 1162 1007 1025 918 930 898 664 711 838 822 942 886 912 936 935 794 1063 907 883 
11 881 830 828 747 706 708 631 655 786 726 667 
31 458 489 550 629 601 700 619 743 707 765 827 720 816 734 897 821 899 852 859 848 894 915 512 844 813 861 690 652 595 548 802 
7 926 952 941 971 993 1039 1032 
49 321 375 309 396 372 439 400 471 413 445 531 472 495 502 558 578 691 683 600 616 688 649 724 709 778 856 872 770 731 736 701 610 604 426 327 341 377 280 313 337 361 774 758 892 637 744 742 673 626 
12 1021 995 996 1283 1329 1209 1274 1378 1337 1363 1368 1313 
12 1615 1588 1547 1493 1559 1514 1487 1469 1663 1598 1625 1634 
13 1410 1355 1441 1463 1403 1473 1464 1534 1596 1509 1624 1499 1383 
26 1612 1649 1581 1637 1717 1666 1706 1778 1745 1773 1852 1805 1929 1864 1920 1991 2015 1665 1735 1682 1630 1642 1743 1701 1659 1718 
14 2171 1798 1531 1459 1398 1349 1296 1504 1506 1387 1251 1461 1546 1432 
32 2927 2554 2570 2772 2587 2548 2729 2522 2517 2687 2398 2592 2380 2395 2553 2331 2300 2804 2350 2870 2194 2259 2342 2227 2279 2449 2393 2472 2344 2386 2527 2387 
6 2665 2657 2343 2332 2217 2105 
30 2830 2710 2754 2651 2458 2424 2355 2308 2251 2213 2064 1999 1941 1876 1868 1825 1762 1756 1658 1593 1575 1522 1480 1584 1614 2742 1609 2191 2310 2222 
7 2370 2193 2339 2302 2156 2138 2437 
21 2150 2087 2043 1961 1984 1905 1862 1875 1776 1678 1647 1673 1747 1866 1928 1677 1680 1710 2016 1943 2010 
9 1456 1617 1445 1555 1545 1446 1389 1444 1603 
8 1433 1373 1331 1304 1233 1381 1401 1338 
24 1240 1231 1145 1235 1131 1122 1099 1071 1027 1244 1038 1111 1043 1080 1102 1100 1077 1060 1281 1300 1287 1306 1034 1055 
26 981 811 944 776 921 739 887 703 818 829 882 959 943 1000 937 717 857 972 976 920 986 997 1076 1028 694 878 
9 419 335 511 650 615 658 274 279 339 
8 860 807 756 686 607 211 145 216 
8 210 132 201 155 79 62 100 305 
16 80 76 64 47 38 29 21 8 92 95 164 120 165 97 105 96 
17 128 176 213 266 329 583 712 925 979 970 910 960 108 171 142 903 198 
43 514 394 493 461 331 442 320 443 276 379 381 244 362 224 340 316 222 300 298 203 228 223 555 540 541 516 246 291 269 508 262 292 388 420 430 350 475 263 251 178 126 487 506 
